Timestamp,Interface Name,Point ID,Flow (MWH),Positive Limit (MWH),Negative Limit (MWH)
02/12/2016 00:00,CENTRAL EAST - VC,23330,2505.5,2780,-9999
02/12/2016 00:00,DYSINGER EAST,23326,1362.99,3150,-9999
02/12/2016 00:00,MOSES SOUTH,23319,1765.39,3000,-1600
02/12/2016 00:00,SCH - HQ - NY,23324,1178,1178,-1000
02/12/2016 00:00,SCH - HQ_CEDARS,325274,137,199,-100
02/12/2016 00:00,SCH - HQ_IMPORT_EXPORT,325376,919,1310,-9999
02/12/2016 00:00,SCH - NE - NY,23318,-1029.01,1400,-1600
02/12/2016 00:00,SCH - NPX_1385,325277,12,200,-200
02/12/2016 00:00,SCH - NPX_CSC,325154,50,330,-330
02/12/2016 00:00,SCH - OH - NY,23317,1196.97,1900,-1900
02/12/2016 00:00,SCH - PJ - NY,23316,588.55,2600,-1300
02/12/2016 00:00,SCH - PJM_HTP,325905,0,0,0
02/12/2016 00:00,SCH - PJM_NEPTUNE,325305,660,660,-660
02/12/2016 00:00,SCH - PJM_VFT,325658,315,315,-315
02/12/2016 00:00,SPR/DUN-SOUTH,23320,2613.36,4600,-9999
02/12/2016 00:00,TOTAL EAST,23314,4348.75,6500,-9999
02/12/2016 00:00,UPNY CONED,23315,2319.46,5100,-9999
02/12/2016 00:00,WEST CENTRAL,23312,868.64,9999,-9999
02/12/2016 00:05,CENTRAL EAST - VC,23330,2566.43,2780,-9999
02/12/2016 00:05,DYSINGER EAST,23326,1348.54,3150,-9999
02/12/2016 00:05,MOSES SOUTH,23319,1790.9,3000,-1600
02/12/2016 00:05,SCH - HQ - NY,23324,1178,1178,-1000
02/12/2016 00:05,SCH - HQ_CEDARS,325274,199,199,-100
02/12/2016 00:05,SCH - HQ_IMPORT_EXPORT,325376,919,1310,-9999
02/12/2016 00:05,SCH - NE - NY,23318,-1129.03,1400,-1600
02/12/2016 00:05,SCH - NPX_1385,325277,0,200,-200
02/12/2016 00:05,SCH - NPX_CSC,325154,100,330,-330
02/12/2016 00:05,SCH - OH - NY,23317,1251.58,1900,-1900
02/12/2016 00:05,SCH - PJ - NY,23316,738.3,2600,-1300
02/12/2016 00:05,SCH - PJM_HTP,325905,0,0,0
02/12/2016 00:05,SCH - PJM_NEPTUNE,325305,660,660,-660
02/12/2016 00:05,SCH - PJM_VFT,325658,315,315,-315
02/12/2016 00:05,SPR/DUN-SOUTH,23320,2566.84,4600,-9999
02/12/2016 00:05,TOTAL EAST,23314,4460.21,6500,-9999
02/12/2016 00:05,UPNY CONED,23315,2230.37,5100,-9999
02/12/2016 00:05,WEST CENTRAL,23312,854.4,9999,-9999
02/12/2016 00:10,CENTRAL EAST - VC,23330,2619.2,2780,-9999
02/12/2016 00:10,DYSINGER EAST,23326,1306.45,3150,-9999
02/12/2016 00:10,MOSES SOUTH,23319,1761.96,3000,-1600
02/12/2016 00:10,SCH - HQ - NY,23324,1178,1178,-1000
02/12/2016 00:10,SCH - HQ_CEDARS,325274,199,199,-100
02/12/2016 00:10,SCH - HQ_IMPORT_EXPORT,325376,919,1310,-9999
02/12/2016 00:10,SCH - NE - NY,23318,-1129.04,1400,-1600
02/12/2016 00:10,SCH - NPX_1385,325277,0,200,-200
02/12/2016 00:10,SCH - NPX_CSC,325154,100,330,-330
02/12/2016 00:10,SCH - OH - NY,23317,1251.61,1900,-1900
02/12/2016 00:10,SCH - PJ - NY,23316,735.42,2600,-1300
02/12/2016 00:10,SCH - PJM_HTP,325905,0,0,0
02/12/2016 00:10,SCH - PJM_NEPTUNE,325305,660,660,-660
02/12/2016 00:10,SCH - PJM_VFT,325658,315,315,-315
02/12/2016 00:10,SPR/DUN-SOUTH,23320,2583.34,4600,-9999
02/12/2016 00:10,TOTAL EAST,23314,4392.04,6500,-9999
02/12/2016 00:10,UPNY CONED,23315,2225.95,5100,-9999
02/12/2016 00:10,WEST CENTRAL,23312,814.18,9999,-9999
02/12/2016 00:15,CENTRAL EAST - VC,23330,2587.27,2760,-9999
02/12/2016 00:15,DYSINGER EAST,23326,1407.3,3150,-9999
02/12/2016 00:15,MOSES SOUTH,23319,1776.43,3000,-1600
02/12/2016 00:15,SCH - HQ - NY,23324,1178,1178,-1000
02/12/2016 00:15,SCH - HQ_CEDARS,325274,199,199,-100
02/12/2016 00:15,SCH - HQ_IMPORT_EXPORT,325376,919,1310,-9999
02/12/2016 00:15,SCH - NE - NY,23318,-1129.05,1400,-1600
02/12/2016 00:15,SCH - NPX_1385,325277,0,200,-200
02/12/2016 00:15,SCH - NPX_CSC,325154,100,330,-330
02/12/2016 00:15,SCH - OH - NY,23317,1252.7,1900,-1900
02/12/2016 00:15,SCH - PJ - NY,23316,693.39,2600,-1300
02/12/2016 00:15,SCH - PJM_HTP,325905,0,0,0
02/12/2016 00:15,SCH - PJM_NEPTUNE,325305,660,660,-660
02/12/2016 00:15,SCH - PJM_VFT,325658,315,315,-315
02/12/2016 00:15,SPR/DUN-SOUTH,23320,2544.43,4600,-9999
02/12/2016 00:15,TOTAL EAST,23314,4335.48,6500,-9999
02/12/2016 00:15,UPNY CONED,23315,2167.51,5100,-9999
02/12/2016 00:15,WEST CENTRAL,23312,914.56,9999,-9999
02/12/2016 00:20,CENTRAL EAST - VC,23330,2563.56,2760,-9999
02/12/2016 00:20,DYSINGER EAST,23326,1411.24,3150,-9999
02/12/2016 00:20,MOSES SOUTH,23319,1765.57,3000,-1600
02/12/2016 00:20,SCH - HQ - NY,23324,1178,1178,-1000
02/12/2016 00:20,SCH - HQ_CEDARS,325274,199,199,-100
02/12/2016 00:20,SCH - HQ_IMPORT_EXPORT,325376,919,1310,-9999
02/12/2016 00:20,SCH - NE - NY,23318,-1129.04,1400,-1600
02/12/2016 00:20,SCH - NPX_1385,325277,0,200,-200
02/12/2016 00:20,SCH - NPX_CSC,325154,100,330,-330
02/12/2016 00:20,SCH - OH - NY,23317,1252.91,1900,-1900
02/12/2016 00:20,SCH - PJ - NY,23316,655.64,2600,-1300
02/12/2016 00:20,SCH - PJM_HTP,325905,0,0,0
02/12/2016 00:20,SCH - PJM_NEPTUNE,325305,660,660,-660
02/12/2016 00:20,SCH - PJM_VFT,325658,315,315,-315
02/12/2016 00:20,SPR/DUN-SOUTH,23320,2491.63,4600,-9999
02/12/2016 00:20,TOTAL EAST,23314,4347.16,6500,-9999
02/12/2016 00:20,UPNY CONED,23315,2146.18,5100,-9999
02/12/2016 00:20,WEST CENTRAL,23312,924.4,9999,-9999
02/12/2016 00:25,CENTRAL EAST - VC,23330,2584.68,2760,-9999
02/12/2016 00:25,DYSINGER EAST,23326,1415.47,3150,-9999
02/12/2016 00:25,MOSES SOUTH,23319,1786.78,3000,-1600
02/12/2016 00:25,SCH - HQ - NY,23324,1178,1178,-1000
02/12/2016 00:25,SCH - HQ_CEDARS,325274,199,199,-100
02/12/2016 00:25,SCH - HQ_IMPORT_EXPORT,325376,919,1310,-9999
02/12/2016 00:25,SCH - NE - NY,23318,-1129.04,1400,-1600
02/12/2016 00:25,SCH - NPX_1385,325277,0,200,-200
02/12/2016 00:25,SCH - NPX_CSC,325154,100,330,-330
02/12/2016 00:25,SCH - OH - NY,23317,1252.89,1900,-1900
02/12/2016 00:25,SCH - PJ - NY,23316,656,2600,-1300
02/12/2016 00:25,SCH - PJM_HTP,325905,0,0,0
02/12/2016 00:25,SCH - PJM_NEPTUNE,325305,660,660,-660
02/12/2016 00:25,SCH - PJM_VFT,325658,315,315,-315
02/12/2016 00:25,SPR/DUN-SOUTH,23320,2491.24,4600,-9999
02/12/2016 00:25,TOTAL EAST,23314,4352.27,6500,-9999
02/12/2016 00:25,UPNY CONED,23315,2128.45,5100,-9999
02/12/2016 00:25,WEST CENTRAL,23312,933.69,9999,-9999
02/12/2016 00:30,CENTRAL EAST - VC,23330,2654.32,2760,-9999
02/12/2016 00:30,DYSINGER EAST,23326,1480.62,3150,-9999
02/12/2016 00:30,MOSES SOUTH,23319,1712.18,3000,-1600
02/12/2016 00:30,SCH - HQ - NY,23324,1178,1178,-1000
02/12/2016 00:30,SCH - HQ_CEDARS,325274,199,199,-100
02/12/2016 00:30,SCH - HQ_IMPORT_EXPORT,325376,919,1310,-9999
02/12/2016 00:30,SCH - NE - NY,23318,-1136.05,1400,-1600
02/12/2016 00:30,SCH - NPX_1385,325277,0,200,-200
02/12/2016 00:30,SCH - NPX_CSC,325154,100,330,-330
02/12/2016 00:30,SCH - OH - NY,23317,1252.72,1900,-1900
02/12/2016 00:30,SCH - PJ - NY,23316,657.13,2600,-1300
02/12/2016 00:30,SCH - PJM_HTP,325905,0,0,0
02/12/2016 00:30,SCH - PJM_NEPTUNE,325305,660,660,-660
02/12/2016 00:30,SCH - PJM_VFT,325658,315,315,-315
02/12/2016 00:30,SPR/DUN-SOUTH,23320,2668.78,4600,-9999
02/12/2016 00:30,TOTAL EAST,23314,4436.2,6500,-9999
02/12/2016 00:30,UPNY CONED,23315,2256.09,5100,-9999
02/12/2016 00:30,WEST CENTRAL,23312,998.34,9999,-9999
02/12/2016 00:35,CENTRAL EAST - VC,23330,2654.29,2760,-9999
02/12/2016 00:35,DYSINGER EAST,23326,1514,3150,-9999
02/12/2016 00:35,MOSES SOUTH,23319,1712.18,3000,-1600
02/12/2016 00:35,SCH - HQ - NY,23324,1178,1178,-1000
02/12/2016 00:35,SCH - HQ_CEDARS,325274,199,199,-100
02/12/2016 00:35,SCH - HQ_IMPORT_EXPORT,325376,919,1310,-9999
02/12/2016 00:35,SCH - NE - NY,23318,-1144.05,1400,-1600
02/12/2016 00:35,SCH - NPX_1385,325277,0,200,-200
02/12/2016 00:35,SCH - NPX_CSC,325154,100,330,-330
02/12/2016 00:35,SCH - OH - NY,23317,1252.82,1900,-1900
02/12/2016 00:35,SCH - PJ - NY,23316,654.83,2600,-1300
02/12/2016 00:35,SCH - PJM_HTP,325905,0,0,0
02/12/2016 00:35,SCH - PJM_NEPTUNE,325305,660,660,-660
02/12/2016 00:35,SCH - PJM_VFT,325658,315,315,-315
02/12/2016 00:35,SPR/DUN-SOUTH,23320,2651.95,4600,-9999
02/12/2016 00:35,TOTAL EAST,23314,4444.82,6500,-9999
02/12/2016 00:35,UPNY CONED,23315,2227.41,5100,-9999
02/12/2016 00:35,WEST CENTRAL,23312,1030.43,9999,-9999
02/12/2016 00:40,CENTRAL EAST - VC,23330,2660.38,2760,-9999
02/12/2016 00:40,DYSINGER EAST,23326,1508.21,3150,-9999
02/12/2016 00:40,MOSES SOUTH,23319,1731.08,3000,-1600
02/12/2016 00:40,SCH - HQ - NY,23324,1178,1178,-1000
02/12/2016 00:40,SCH - HQ_CEDARS,325274,199,199,-100
02/12/2016 00:40,SCH - HQ_IMPORT_EXPORT,325376,919,1310,-9999
02/12/2016 00:40,SCH - NE - NY,23318,-1144.05,1400,-1600
02/12/2016 00:40,SCH - NPX_1385,325277,0,200,-200
02/12/2016 00:40,SCH - NPX_CSC,325154,100,330,-330
02/12/2016 00:40,SCH - OH - NY,23317,1252.98,1900,-1900
02/12/2016 00:40,SCH - PJ - NY,23316,654.87,2600,-1300
02/12/2016 00:40,SCH - PJM_HTP,325905,0,0,0
02/12/2016 00:40,SCH - PJM_NEPTUNE,325305,660,660,-660
02/12/2016 00:40,SCH - PJM_VFT,325658,315,315,-315
02/12/2016 00:40,SPR/DUN-SOUTH,23320,2568.18,4600,-9999
02/12/2016 00:40,TOTAL EAST,23314,4351.51,6500,-9999
02/12/2016 00:40,UPNY CONED,23315,2149.26,5100,-9999
02/12/2016 00:40,WEST CENTRAL,23312,1030.89,9999,-9999
02/12/2016 00:45,CENTRAL EAST - VC,23330,2598,2760,-9999
02/12/2016 00:45,DYSINGER EAST,23326,1392.84,3150,-9999
02/12/2016 00:45,MOSES SOUTH,23319,1763.39,3000,-1600
02/12/2016 00:45,SCH - HQ - NY,23324,1178,1178,-1000
02/12/2016 00:45,SCH - HQ_CEDARS,325274,199,199,-100
02/12/2016 00:45,SCH - HQ_IMPORT_EXPORT,325376,919,1310,-9999
02/12/2016 00:45,SCH - NE - NY,23318,-1136.05,1400,-1600
02/12/2016 00:45,SCH - NPX_1385,325277,0,200,-200
02/12/2016 00:45,SCH - NPX_CSC,325154,100,330,-330
02/12/2016 00:45,SCH - OH - NY,23317,1252.63,1900,-1900
02/12/2016 00:45,SCH - PJ - NY,23316,656.12,2600,-1300
02/12/2016 00:45,SCH - PJM_HTP,325905,0,0,0
02/12/2016 00:45,SCH - PJM_NEPTUNE,325305,660,660,-660
02/12/2016 00:45,SCH - PJM_VFT,325658,315,315,-315
02/12/2016 00:45,SPR/DUN-SOUTH,23320,2492.56,4600,-9999
02/12/2016 00:45,TOTAL EAST,23314,4393.06,6500,-9999
02/12/2016 00:45,UPNY CONED,23315,2069.89,5100,-9999
02/12/2016 00:45,WEST CENTRAL,23312,922.62,9999,-9999
02/12/2016 00:50,CENTRAL EAST - VC,23330,2642.2,2760,-9999
02/12/2016 00:50,DYSINGER EAST,23326,1448.52,3150,-9999
02/12/2016 00:50,MOSES SOUTH,23319,1761.71,3000,-1600
02/12/2016 00:50,SCH - HQ - NY,23324,1178,1178,-1000
02/12/2016 00:50,SCH - HQ_CEDARS,325274,199,199,-100
02/12/2016 00:50,SCH - HQ_IMPORT_EXPORT,325376,919,1310,-9999
02/12/2016 00:50,SCH - NE - NY,23318,-1129.04,1400,-1600
02/12/2016 00:50,SCH - NPX_1385,325277,0,200,-200
02/12/2016 00:50,SCH - NPX_CSC,325154,100,330,-330
02/12/2016 00:50,SCH - OH - NY,23317,1252.58,1900,-1900
02/12/2016 00:50,SCH - PJ - NY,23316,656.89,2600,-1300
02/12/2016 00:50,SCH - PJM_HTP,325905,0,0,0
02/12/2016 00:50,SCH - PJM_NEPTUNE,325305,660,660,-660
02/12/2016 00:50,SCH - PJM_VFT,325658,315,315,-315
02/12/2016 00:50,SPR/DUN-SOUTH,23320,2548.44,4600,-9999
02/12/2016 00:50,TOTAL EAST,23314,4447.7,6500,-9999
02/12/2016 00:50,UPNY CONED,23315,2115.01,5100,-9999
02/12/2016 00:50,WEST CENTRAL,23312,979.66,9999,-9999
02/12/2016 00:55,CENTRAL EAST - VC,23330,2585.75,2760,-9999
02/12/2016 00:55,DYSINGER EAST,23326,1424.53,3150,-9999
02/12/2016 00:55,MOSES SOUTH,23319,1754.59,3000,-1600
02/12/2016 00:55,SCH - HQ - NY,23324,1178,1178,-1000
02/12/2016 00:55,SCH - HQ_CEDARS,325274,199,199,-100
02/12/2016 00:55,SCH - HQ_IMPORT_EXPORT,325376,919,1310,-9999
02/12/2016 00:55,SCH - NE - NY,23318,-1129.05,1400,-1600
02/12/2016 00:55,SCH - NPX_1385,325277,0,200,-200
02/12/2016 00:55,SCH - NPX_CSC,325154,100,330,-330
02/12/2016 00:55,SCH - OH - NY,23317,1252.63,1900,-1900
02/12/2016 00:55,SCH - PJ - NY,23316,657.13,2600,-1300
02/12/2016 00:55,SCH - PJM_HTP,325905,0,0,0
02/12/2016 00:55,SCH - PJM_NEPTUNE,325305,660,660,-660
02/12/2016 00:55,SCH - PJM_VFT,325658,315,315,-315
02/12/2016 00:55,SPR/DUN-SOUTH,23320,2490.54,4600,-9999
02/12/2016 00:55,TOTAL EAST,23314,4323.94,6500,-9999
02/12/2016 00:55,UPNY CONED,23315,2026.03,5100,-9999
02/12/2016 00:55,WEST CENTRAL,23312,958.66,9999,-9999
02/12/2016 01:00,CENTRAL EAST - VC,23330,2539.71,2660,-9999
02/12/2016 01:00,DYSINGER EAST,23326,1539.12,3150,-9999
02/12/2016 01:00,MOSES SOUTH,23319,1715.02,3000,-1600
02/12/2016 01:00,SCH - HQ - NY,23324,1178,1178,-1000
02/12/2016 01:00,SCH - HQ_CEDARS,325274,198,199,-100
02/12/2016 01:00,SCH - HQ_IMPORT_EXPORT,325376,919,1310,-9999
02/12/2016 01:00,SCH - NE - NY,23318,-1029.02,1400,-1600
02/12/2016 01:00,SCH - NPX_1385,325277,0,200,-200
02/12/2016 01:00,SCH - NPX_CSC,325154,100,330,-330
02/12/2016 01:00,SCH - OH - NY,23317,1277.64,1900,-1900
02/12/2016 01:00,SCH - PJ - NY,23316,719.86,2600,-1300
02/12/2016 01:00,SCH - PJM_HTP,325905,0,0,0
02/12/2016 01:00,SCH - PJM_NEPTUNE,325305,660,660,-660
02/12/2016 01:00,SCH - PJM_VFT,325658,315,315,-315
02/12/2016 01:00,SPR/DUN-SOUTH,23320,2275.3,4600,-9999
02/12/2016 01:00,TOTAL EAST,23314,4348.73,6500,-9999
02/12/2016 01:00,UPNY CONED,23315,1766.95,5100,-9999
02/12/2016 01:00,WEST CENTRAL,23312,1071.36,9999,-9999
02/12/2016 01:05,CENTRAL EAST - VC,23330,2540.7,2660,-9999
02/12/2016 01:05,DYSINGER EAST,23326,1596.54,3150,-9999
02/12/2016 01:05,MOSES SOUTH,23319,1722.62,3000,-1600
02/12/2016 01:05,SCH - HQ - NY,23324,1178,1178,-1000
02/12/2016 01:05,SCH - HQ_CEDARS,325274,197,199,-100
02/12/2016 01:05,SCH - HQ_IMPORT_EXPORT,325376,919,1310,-9999
02/12/2016 01:05,SCH - NE - NY,23318,-928.99,1400,-1600
02/12/2016 01:05,SCH - NPX_1385,325277,0,200,-200
02/12/2016 01:05,SCH - NPX_CSC,325154,100,330,-330
02/12/2016 01:05,SCH - OH - NY,23317,1302.48,1900,-1900
02/12/2016 01:05,SCH - PJ - NY,23316,787.3,2600,-1300
02/12/2016 01:05,SCH - PJM_HTP,325905,0,0,0
02/12/2016 01:05,SCH - PJM_NEPTUNE,325305,660,660,-660
02/12/2016 01:05,SCH - PJM_VFT,325658,315,315,-315
02/12/2016 01:05,SPR/DUN-SOUTH,23320,2225.91,4600,-9999
02/12/2016 01:05,TOTAL EAST,23314,4470.73,6500,-9999
02/12/2016 01:05,UPNY CONED,23315,1728.72,5100,-9999
02/12/2016 01:05,WEST CENTRAL,23312,1118.61,9999,-9999
02/12/2016 01:10,CENTRAL EAST - VC,23330,2554.54,2660,-9999
02/12/2016 01:10,DYSINGER EAST,23326,1539.26,3150,-9999
02/12/2016 01:10,MOSES SOUTH,23319,1723.01,3000,-1600
02/12/2016 01:10,SCH - HQ - NY,23324,1178,1178,-1000
02/12/2016 01:10,SCH - HQ_CEDARS,325274,197,199,-100
02/12/2016 01:10,SCH - HQ_IMPORT_EXPORT,325376,919,1310,-9999
02/12/2016 01:10,SCH - NE - NY,23318,-928.99,1400,-1600
02/12/2016 01:10,SCH - NPX_1385,325277,0,200,-200
02/12/2016 01:10,SCH - NPX_CSC,325154,100,330,-330
02/12/2016 01:10,SCH - OH - NY,23317,1302.52,1900,-1900
02/12/2016 01:10,SCH - PJ - NY,23316,783.59,2600,-1300
02/12/2016 01:10,SCH - PJM_HTP,325905,0,0,0
02/12/2016 01:10,SCH - PJM_NEPTUNE,325305,660,660,-660
02/12/2016 01:10,SCH - PJM_VFT,325658,315,315,-315
02/12/2016 01:10,SPR/DUN-SOUTH,23320,2276.67,4600,-9999
02/12/2016 01:10,TOTAL EAST,23314,4355.21,6500,-9999
02/12/2016 01:10,UPNY CONED,23315,1761.47,5100,-9999
02/12/2016 01:10,WEST CENTRAL,23312,1067.45,9999,-9999
02/12/2016 01:15,CENTRAL EAST - VC,23330,2559.51,2660,-9999
02/12/2016 01:15,DYSINGER EAST,23326,1580.59,3150,-9999
02/12/2016 01:15,MOSES SOUTH,23319,1759.75,3000,-1600
02/12/2016 01:15,SCH - HQ - NY,23324,1178,1178,-1000
02/12/2016 01:15,SCH - HQ_CEDARS,325274,197,199,-100
02/12/2016 01:15,SCH - HQ_IMPORT_EXPORT,325376,919,1310,-9999
02/12/2016 01:15,SCH - NE - NY,23318,-824.04,1400,-1600
02/12/2016 01:15,SCH - NPX_1385,325277,0,200,-200
02/12/2016 01:15,SCH - NPX_CSC,325154,100,330,-330
02/12/2016 01:15,SCH - OH - NY,23317,1303,1900,-1900
02/12/2016 01:15,SCH - PJ - NY,23316,782.16,2600,-1300
02/12/2016 01:15,SCH - PJM_HTP,325905,0,0,0
02/12/2016 01:15,SCH - PJM_NEPTUNE,325305,660,660,-660
02/12/2016 01:15,SCH - PJM_VFT,325658,315,315,-315
02/12/2016 01:15,SPR/DUN-SOUTH,23320,2272.47,4600,-9999
02/12/2016 01:15,TOTAL EAST,23314,4359.4,6500,-9999
02/12/2016 01:15,UPNY CONED,23315,1736.33,5100,-9999
02/12/2016 01:15,WEST CENTRAL,23312,1107.89,9999,-9999
02/12/2016 01:20,CENTRAL EAST - VC,23330,2558.26,2660,-9999
02/12/2016 01:20,DYSINGER EAST,23326,1544.33,3150,-9999
02/12/2016 01:20,MOSES SOUTH,23319,1766.86,3000,-1600
02/12/2016 01:20,SCH - HQ - NY,23324,1178,1178,-1000
02/12/2016 01:20,SCH - HQ_CEDARS,325274,197,199,-100
02/12/2016 01:20,SCH - HQ_IMPORT_EXPORT,325376,919,1310,-9999
02/12/2016 01:20,SCH - NE - NY,23318,-724.44,1400,-1600
02/12/2016 01:20,SCH - NPX_1385,325277,0,200,-200
02/12/2016 01:20,SCH - NPX_CSC,325154,100,330,-330
02/12/2016 01:20,SCH - OH - NY,23317,1302.86,1900,-1900
02/12/2016 01:20,SCH - PJ - NY,23316,780.97,2600,-1300
02/12/2016 01:20,SCH - PJM_HTP,325905,0,0,0
02/12/2016 01:20,SCH - PJM_NEPTUNE,325305,660,660,-660
02/12/2016 01:20,SCH - PJM_VFT,325658,315,315,-315
02/12/2016 01:20,SPR/DUN-SOUTH,23320,2352.21,4600,-9999
02/12/2016 01:20,TOTAL EAST,23314,4225.07,6500,-9999
02/12/2016 01:20,UPNY CONED,23315,1799.12,5100,-9999
02/12/2016 01:20,WEST CENTRAL,23312,1073.78,9999,-9999
02/12/2016 01:25,CENTRAL EAST - VC,23330,2552.15,2660,-9999
02/12/2016 01:25,DYSINGER EAST,23326,1663.92,3150,-9999
02/12/2016 01:25,MOSES SOUTH,23319,1649.05,3000,-1600
02/12/2016 01:25,SCH - HQ - NY,23324,1178,1178,-1000
02/12/2016 01:25,SCH - HQ_CEDARS,325274,197,199,-100
02/12/2016 01:25,SCH - HQ_IMPORT_EXPORT,325376,919,1310,-9999
02/12/2016 01:25,SCH - NE - NY,23318,-724.76,1400,-1600
02/12/2016 01:25,SCH - NPX_1385,325277,0,200,-200
02/12/2016 01:25,SCH - NPX_CSC,325154,100,330,-330
02/12/2016 01:25,SCH - OH - NY,23317,1302.95,1900,-1900
02/12/2016 01:25,SCH - PJ - NY,23316,781.63,2600,-1300
02/12/2016 01:25,SCH - PJM_HTP,325905,0,0,0
02/12/2016 01:25,SCH - PJM_NEPTUNE,325305,660,660,-660
02/12/2016 01:25,SCH - PJM_VFT,325658,315,315,-315
02/12/2016 01:25,SPR/DUN-SOUTH,23320,2322.26,4600,-9999
02/12/2016 01:25,TOTAL EAST,23314,4303.37,6500,-9999
02/12/2016 01:25,UPNY CONED,23315,1749.17,5100,-9999
02/12/2016 01:25,WEST CENTRAL,23312,1191.7,9999,-9999
02/12/2016 01:30,CENTRAL EAST - VC,23330,2539.03,2640,-9999
02/12/2016 01:30,DYSINGER EAST,23326,1684.34,3150,-9999
02/12/2016 01:30,MOSES SOUTH,23319,1633.71,3000,-1600
02/12/2016 01:30,SCH - HQ - NY,23324,1178,1178,-1000
02/12/2016 01:30,SCH - HQ_CEDARS,325274,197,199,-100
02/12/2016 01:30,SCH - HQ_IMPORT_EXPORT,325376,919,1310,-9999
02/12/2016 01:30,SCH - NE - NY,23318,-642.1,1400,-1600
02/12/2016 01:30,SCH - NPX_1385,325277,0,200,-200
02/12/2016 01:30,SCH - NPX_CSC,325154,100,330,-330
02/12/2016 01:30,SCH - OH - NY,23317,1303.04,1900,-1900
02/12/2016 01:30,SCH - PJ - NY,23316,754.93,2600,-1300
02/12/2016 01:30,SCH - PJM_HTP,325905,0,0,0
02/12/2016 01:30,SCH - PJM_NEPTUNE,325305,660,660,-660
02/12/2016 01:30,SCH - PJM_VFT,325658,315,315,-315
02/12/2016 01:30,SPR/DUN-SOUTH,23320,2394.37,4600,-9999
02/12/2016 01:30,TOTAL EAST,23314,4318.68,6500,-9999
02/12/2016 01:30,UPNY CONED,23315,1795.4,5100,-9999
02/12/2016 01:30,WEST CENTRAL,23312,1211.36,9999,-9999
02/12/2016 01:35,CENTRAL EAST - VC,23330,2539.53,2640,-9999
02/12/2016 01:35,DYSINGER EAST,23326,1711.25,3150,-9999
02/12/2016 01:35,MOSES SOUTH,23319,1626.08,3000,-1600
02/12/2016 01:35,SCH - HQ - NY,23324,1178,1178,-1000
02/12/2016 01:35,SCH - HQ_CEDARS,325274,197,199,-100
02/12/2016 01:35,SCH - HQ_IMPORT_EXPORT,325376,919,1310,-9999
02/12/2016 01:35,SCH - NE - NY,23318,-559.58,1400,-1600
02/12/2016 01:35,SCH - NPX_1385,325277,0,200,-200
02/12/2016 01:35,SCH - NPX_CSC,325154,100,330,-330
02/12/2016 01:35,SCH - OH - NY,23317,1303.28,1900,-1900
02/12/2016 01:35,SCH - PJ - NY,23316,729.65,2600,-1300
02/12/2016 01:35,SCH - PJM_HTP,325905,0,0,0
02/12/2016 01:35,SCH - PJM_NEPTUNE,325305,660,660,-660
02/12/2016 01:35,SCH - PJM_VFT,325658,315,315,-315
02/12/2016 01:35,SPR/DUN-SOUTH,23320,2434.81,4600,-9999
02/12/2016 01:35,TOTAL EAST,23314,4318.04,6500,-9999
02/12/2016 01:35,UPNY CONED,23315,1858.39,5100,-9999
02/12/2016 01:35,WEST CENTRAL,23312,1243.39,9999,-9999
02/12/2016 01:40,CENTRAL EAST - VC,23330,2537.33,2640,-9999
02/12/2016 01:40,DYSINGER EAST,23326,1751.51,3150,-9999
02/12/2016 01:40,MOSES SOUTH,23319,1612.36,3000,-1600
02/12/2016 01:40,SCH - HQ - NY,23324,1178,1178,-1000
02/12/2016 01:40,SCH - HQ_CEDARS,325274,197,199,-100
02/12/2016 01:40,SCH - HQ_IMPORT_EXPORT,325376,919,1310,-9999
02/12/2016 01:40,SCH - NE - NY,23318,-559.66,1400,-1600
02/12/2016 01:40,SCH - NPX_1385,325277,0,200,-200
02/12/2016 01:40,SCH - NPX_CSC,325154,100,330,-330
02/12/2016 01:40,SCH - OH - NY,23317,1303.23,1900,-1900
02/12/2016 01:40,SCH - PJ - NY,23316,732.1,2600,-1300
02/12/2016 01:40,SCH - PJM_HTP,325905,0,0,0
02/12/2016 01:40,SCH - PJM_NEPTUNE,325305,660,660,-660
02/12/2016 01:40,SCH - PJM_VFT,325658,315,315,-315
02/12/2016 01:40,SPR/DUN-SOUTH,23320,2440.9,4600,-9999
02/12/2016 01:40,TOTAL EAST,23314,4384.17,6500,-9999
02/12/2016 01:40,UPNY CONED,23315,1876.96,5100,-9999
02/12/2016 01:40,WEST CENTRAL,23312,1285.78,9999,-9999
02/12/2016 01:45,CENTRAL EAST - VC,23330,2537.04,2640,-9999
02/12/2016 01:45,DYSINGER EAST,23326,1693.46,3150,-9999
02/12/2016 01:45,MOSES SOUTH,23319,1578.51,3000,-1600
02/12/2016 01:45,SCH - HQ - NY,23324,1178,1178,-1000
02/12/2016 01:45,SCH - HQ_CEDARS,325274,197,199,-100
02/12/2016 01:45,SCH - HQ_IMPORT_EXPORT,325376,919,1310,-9999
02/12/2016 01:45,SCH - NE - NY,23318,-539.51,1400,-1600
02/12/2016 01:45,SCH - NPX_1385,325277,0,200,-200
02/12/2016 01:45,SCH - NPX_CSC,325154,100,330,-330
02/12/2016 01:45,SCH - OH - NY,23317,1302.77,1900,-1900
02/12/2016 01:45,SCH - PJ - NY,23316,731,2600,-1300
02/12/2016 01:45,SCH - PJM_HTP,325905,0,0,0
02/12/2016 01:45,SCH - PJM_NEPTUNE,325305,660,660,-660
02/12/2016 01:45,SCH - PJM_VFT,325658,315,315,-315
02/12/2016 01:45,SPR/DUN-SOUTH,23320,2420.88,4600,-9999
02/12/2016 01:45,TOTAL EAST,23314,4395.55,6500,-9999
02/12/2016 01:45,UPNY CONED,23315,1873.26,5100,-9999
02/12/2016 01:45,WEST CENTRAL,23312,1234.62,9999,-9999
02/12/2016 01:50,CENTRAL EAST - VC,23330,2538.37,2640,-9999
02/12/2016 01:50,DYSINGER EAST,23326,1656.09,3150,-9999
02/12/2016 01:50,MOSES SOUTH,23319,1572.34,3000,-1600
02/12/2016 01:50,SCH - HQ - NY,23324,1178,1178,-1000
02/12/2016 01:50,SCH - HQ_CEDARS,325274,197,199,-100
02/12/2016 01:50,SCH - HQ_IMPORT_EXPORT,325376,919,1310,-9999
02/12/2016 01:50,SCH - NE - NY,23318,-520.57,1400,-1600
02/12/2016 01:50,SCH - NPX_1385,325277,0,200,-200
02/12/2016 01:50,SCH - NPX_CSC,325154,100,330,-330
02/12/2016 01:50,SCH - OH - NY,23317,1302.55,1900,-1900
02/12/2016 01:50,SCH - PJ - NY,23316,732.14,2600,-1300
02/12/2016 01:50,SCH - PJM_HTP,325905,0,0,0
02/12/2016 01:50,SCH - PJM_NEPTUNE,325305,660,660,-660
02/12/2016 01:50,SCH - PJM_VFT,325658,315,315,-315
02/12/2016 01:50,SPR/DUN-SOUTH,23320,2439.03,4600,-9999
02/12/2016 01:50,TOTAL EAST,23314,4408.05,6500,-9999
02/12/2016 01:50,UPNY CONED,23315,1880.66,5100,-9999
02/12/2016 01:50,WEST CENTRAL,23312,1203.78,9999,-9999
02/12/2016 01:55,CENTRAL EAST - VC,23330,2537.63,2640,-9999
02/12/2016 01:55,DYSINGER EAST,23326,1632.58,3150,-9999
02/12/2016 01:55,MOSES SOUTH,23319,1570.27,3000,-1600
02/12/2016 01:55,SCH - HQ - NY,23324,1178,1178,-1000
02/12/2016 01:55,SCH - HQ_CEDARS,325274,197,199,-100
02/12/2016 01:55,SCH - HQ_IMPORT_EXPORT,325376,919,1310,-9999
02/12/2016 01:55,SCH - NE - NY,23318,-520.54,1400,-1600
02/12/2016 01:55,SCH - NPX_1385,325277,0,200,-200
02/12/2016 01:55,SCH - NPX_CSC,325154,100,330,-330
02/12/2016 01:55,SCH - OH - NY,23317,1302.45,1900,-1900
02/12/2016 01:55,SCH - PJ - NY,23316,726.67,2600,-1300
02/12/2016 01:55,SCH - PJM_HTP,325905,0,0,0
02/12/2016 01:55,SCH - PJM_NEPTUNE,325305,660,660,-660
02/12/2016 01:55,SCH - PJM_VFT,325658,315,315,-315
02/12/2016 01:55,SPR/DUN-SOUTH,23320,2395.79,4600,-9999
02/12/2016 01:55,TOTAL EAST,23314,4439.87,6500,-9999
02/12/2016 01:55,UPNY CONED,23315,1850.43,5100,-9999
02/12/2016 01:55,WEST CENTRAL,23312,1183.3,9999,-9999
02/12/2016 02:00,CENTRAL EAST - VC,23330,2438.29,2615,-9999
02/12/2016 02:00,DYSINGER EAST,23326,1462.24,3150,-9999
02/12/2016 02:00,MOSES SOUTH,23319,1517.27,3000,-1600
02/12/2016 02:00,SCH - HQ - NY,23324,1178,1178,-1000
02/12/2016 02:00,SCH - HQ_CEDARS,325274,136,199,-100
02/12/2016 02:00,SCH - HQ_IMPORT_EXPORT,325376,919,1310,-9999
02/12/2016 02:00,SCH - NE - NY,23318,-512.68,1400,-1600
02/12/2016 02:00,SCH - NPX_1385,325277,0,200,-200
02/12/2016 02:00,SCH - NPX_CSC,325154,100,330,-330
02/12/2016 02:00,SCH - OH - NY,23317,1302.3,1900,-1900
02/12/2016 02:00,SCH - PJ - NY,23316,745.67,2600,-1300
02/12/2016 02:00,SCH - PJM_HTP,325905,0,0,0
02/12/2016 02:00,SCH - PJM_NEPTUNE,325305,660,660,-660
02/12/2016 02:00,SCH - PJM_VFT,325658,315,315,-315
02/12/2016 02:00,SPR/DUN-SOUTH,23320,2376.14,4600,-9999
02/12/2016 02:00,TOTAL EAST,23314,4355.8,6500,-9999
02/12/2016 02:00,UPNY CONED,23315,1837.74,5100,-9999
02/12/2016 02:00,WEST CENTRAL,23312,1018.41,9999,-9999
02/12/2016 02:05,CENTRAL EAST - VC,23330,2438.92,2615,-9999
02/12/2016 02:05,DYSINGER EAST,23326,1455.53,3150,-9999
02/12/2016 02:05,MOSES SOUTH,23319,1459.24,3000,-1600
02/12/2016 02:05,SCH - HQ - NY,23324,1178,1178,-1000
02/12/2016 02:05,SCH - HQ_CEDARS,325274,75,199,-100
02/12/2016 02:05,SCH - HQ_IMPORT_EXPORT,325376,919,1310,-9999
02/12/2016 02:05,SCH - NE - NY,23318,-504.59,1400,-1600
02/12/2016 02:05,SCH - NPX_1385,325277,0,200,-200
02/12/2016 02:05,SCH - NPX_CSC,325154,100,330,-330
02/12/2016 02:05,SCH - OH - NY,23317,1302.43,1900,-1900
02/12/2016 02:05,SCH - PJ - NY,23316,759.96,2600,-1300
02/12/2016 02:05,SCH - PJM_HTP,325905,0,0,0
02/12/2016 02:05,SCH - PJM_NEPTUNE,325305,660,660,-660
02/12/2016 02:05,SCH - PJM_VFT,325658,315,315,-315
02/12/2016 02:05,SPR/DUN-SOUTH,23320,2350.24,4600,-9999
02/12/2016 02:05,TOTAL EAST,23314,4341.9,6500,-9999
02/12/2016 02:05,UPNY CONED,23315,1820.57,5100,-9999
02/12/2016 02:05,WEST CENTRAL,23312,1012.03,9999,-9999
02/12/2016 02:10,CENTRAL EAST - VC,23330,2430.79,2615,-9999
02/12/2016 02:10,DYSINGER EAST,23326,1461.11,3150,-9999
02/12/2016 02:10,MOSES SOUTH,23319,1441.04,3000,-1600
02/12/2016 02:10,SCH - HQ - NY,23324,1178,1178,-1000
02/12/2016 02:10,SCH - HQ_CEDARS,325274,75,199,-100
02/12/2016 02:10,SCH - HQ_IMPORT_EXPORT,325376,919,1310,-9999
02/12/2016 02:10,SCH - NE - NY,23318,-504.79,1400,-1600
02/12/2016 02:10,SCH - NPX_1385,325277,0,200,-200
02/12/2016 02:10,SCH - NPX_CSC,325154,100,330,-330
02/12/2016 02:10,SCH - OH - NY,23317,1302.39,1900,-1900
02/12/2016 02:10,SCH - PJ - NY,23316,759.23,2600,-1300
02/12/2016 02:10,SCH - PJM_HTP,325905,0,0,0
02/12/2016 02:10,SCH - PJM_NEPTUNE,325305,660,660,-660
02/12/2016 02:10,SCH - PJM_VFT,325658,315,315,-315
02/12/2016 02:10,SPR/DUN-SOUTH,23320,2340.17,4600,-9999
02/12/2016 02:10,TOTAL EAST,23314,4314.84,6500,-9999
02/12/2016 02:10,UPNY CONED,23315,1804.27,5100,-9999
02/12/2016 02:10,WEST CENTRAL,23312,1011.21,9999,-9999
02/12/2016 02:15,CENTRAL EAST - VC,23330,2431.98,2615,-9999
02/12/2016 02:15,DYSINGER EAST,23326,1510.12,3150,-9999
02/12/2016 02:15,MOSES SOUTH,23319,1458.09,3000,-1600
02/12/2016 02:15,SCH - HQ - NY,23324,1178,1178,-1000
02/12/2016 02:15,SCH - HQ_CEDARS,325274,75,199,-100
02/12/2016 02:15,SCH - HQ_IMPORT_EXPORT,325376,919,1310,-9999
02/12/2016 02:15,SCH - NE - NY,23318,-592.33,1400,-1600
02/12/2016 02:15,SCH - NPX_1385,325277,0,200,-200
02/12/2016 02:15,SCH - NPX_CSC,325154,100,330,-330
02/12/2016 02:15,SCH - OH - NY,23317,1302.4,1900,-1900
02/12/2016 02:15,SCH - PJ - NY,23316,758.77,2600,-1300
02/12/2016 02:15,SCH - PJM_HTP,325905,0,0,0
02/12/2016 02:15,SCH - PJM_NEPTUNE,325305,660,660,-660
02/12/2016 02:15,SCH - PJM_VFT,325658,315,315,-315
02/12/2016 02:15,SPR/DUN-SOUTH,23320,2303.66,4600,-9999
02/12/2016 02:15,TOTAL EAST,23314,4362.17,6500,-9999
02/12/2016 02:15,UPNY CONED,23315,1750.35,5100,-9999
02/12/2016 02:15,WEST CENTRAL,23312,1054.3,9999,-9999
02/12/2016 02:20,CENTRAL EAST - VC,23330,2500.65,2615,-9999
02/12/2016 02:20,DYSINGER EAST,23326,1568.04,3150,-9999
02/12/2016 02:20,MOSES SOUTH,23319,1447.68,3000,-1600
02/12/2016 02:20,SCH - HQ - NY,23324,1178,1178,-1000
02/12/2016 02:20,SCH - HQ_CEDARS,325274,75,199,-100
02/12/2016 02:20,SCH - HQ_IMPORT_EXPORT,325376,919,1310,-9999
02/12/2016 02:20,SCH - NE - NY,23318,-679.68,1400,-1600
02/12/2016 02:20,SCH - NPX_1385,325277,0,200,-200
02/12/2016 02:20,SCH - NPX_CSC,325154,100,330,-330
02/12/2016 02:20,SCH - OH - NY,23317,1302.57,1900,-1900
02/12/2016 02:20,SCH - PJ - NY,23316,760.13,2600,-1300
02/12/2016 02:20,SCH - PJM_HTP,325905,0,0,0
02/12/2016 02:20,SCH - PJM_NEPTUNE,325305,660,660,-660
02/12/2016 02:20,SCH - PJM_VFT,325658,315,315,-315
02/12/2016 02:20,SPR/DUN-SOUTH,23320,2313.78,4600,-9999
02/12/2016 02:20,TOTAL EAST,23314,4423.94,6500,-9999
02/12/2016 02:20,UPNY CONED,23315,1751.44,5100,-9999
02/12/2016 02:20,WEST CENTRAL,23312,1109.93,9999,-9999
02/12/2016 02:25,CENTRAL EAST - VC,23330,2471.46,2615,-9999
02/12/2016 02:25,DYSINGER EAST,23326,1588.51,3150,-9999
02/12/2016 02:25,MOSES SOUTH,23319,1467.98,3000,-1600
02/12/2016 02:25,SCH - HQ - NY,23324,1178,1178,-1000
02/12/2016 02:25,SCH - HQ_CEDARS,325274,75,199,-100
02/12/2016 02:25,SCH - HQ_IMPORT_EXPORT,325376,919,1310,-9999
02/12/2016 02:25,SCH - NE - NY,23318,-680.1,1400,-1600
02/12/2016 02:25,SCH - NPX_1385,325277,0,200,-200
02/12/2016 02:25,SCH - NPX_CSC,325154,100,330,-330
02/12/2016 02:25,SCH - OH - NY,23317,1302.8,1900,-1900
02/12/2016 02:25,SCH - PJ - NY,23316,758.29,2600,-1300
02/12/2016 02:25,SCH - PJM_HTP,325905,0,0,0
02/12/2016 02:25,SCH - PJM_NEPTUNE,325305,660,660,-660
02/12/2016 02:25,SCH - PJM_VFT,325658,315,315,-315
02/12/2016 02:25,SPR/DUN-SOUTH,23320,2297.53,4600,-9999
02/12/2016 02:25,TOTAL EAST,23314,4394.83,6500,-9999
02/12/2016 02:25,UPNY CONED,23315,1710.15,5100,-9999
02/12/2016 02:25,WEST CENTRAL,23312,1134.34,9999,-9999
02/12/2016 02:30,CENTRAL EAST - VC,23330,2507.39,2615,-9999
02/12/2016 02:30,DYSINGER EAST,23326,1565.45,3150,-9999
02/12/2016 02:30,MOSES SOUTH,23319,1444.89,3000,-1600
02/12/2016 02:30,SCH - HQ - NY,23324,1178,1178,-1000
02/12/2016 02:30,SCH - HQ_CEDARS,325274,75,199,-100
02/12/2016 02:30,SCH - HQ_IMPORT_EXPORT,325376,919,1310,-9999
02/12/2016 02:30,SCH - NE - NY,23318,-716.66,1400,-1600
02/12/2016 02:30,SCH - NPX_1385,325277,0,200,-200
02/12/2016 02:30,SCH - NPX_CSC,325154,100,330,-330
02/12/2016 02:30,SCH - OH - NY,23317,1302.43,1900,-1900
02/12/2016 02:30,SCH - PJ - NY,23316,757.61,2600,-1300
02/12/2016 02:30,SCH - PJM_HTP,325905,0,0,0
02/12/2016 02:30,SCH - PJM_NEPTUNE,325305,660,660,-660
02/12/2016 02:30,SCH - PJM_VFT,325658,315,315,-315
02/12/2016 02:30,SPR/DUN-SOUTH,23320,2311.17,4600,-9999
02/12/2016 02:30,TOTAL EAST,23314,4416.89,6500,-9999
02/12/2016 02:30,UPNY CONED,23315,1716.89,5100,-9999
02/12/2016 02:30,WEST CENTRAL,23312,1117.78,9999,-9999
02/12/2016 02:35,CENTRAL EAST - VC,23330,2509.13,2615,-9999
02/12/2016 02:35,DYSINGER EAST,23326,1617.63,3150,-9999
02/12/2016 02:35,MOSES SOUTH,23319,1391.4,3000,-1600
02/12/2016 02:35,SCH - HQ - NY,23324,1178,1178,-1000
02/12/2016 02:35,SCH - HQ_CEDARS,325274,75,199,-100
02/12/2016 02:35,SCH - HQ_IMPORT_EXPORT,325376,919,1310,-9999
02/12/2016 02:35,SCH - NE - NY,23318,-753.03,1400,-1600
02/12/2016 02:35,SCH - NPX_1385,325277,0,200,-200
02/12/2016 02:35,SCH - NPX_CSC,325154,100,330,-330
02/12/2016 02:35,SCH - OH - NY,23317,1302.44,1900,-1900
02/12/2016 02:35,SCH - PJ - NY,23316,754.22,2600,-1300
02/12/2016 02:35,SCH - PJM_HTP,325905,0,0,0
02/12/2016 02:35,SCH - PJM_NEPTUNE,325305,660,660,-660
02/12/2016 02:35,SCH - PJM_VFT,325658,315,315,-315
02/12/2016 02:35,SPR/DUN-SOUTH,23320,2275.52,4600,-9999
02/12/2016 02:35,TOTAL EAST,23314,4382.22,6500,-9999
02/12/2016 02:35,UPNY CONED,23315,1659.42,5100,-9999
02/12/2016 02:35,WEST CENTRAL,23312,1169.02,9999,-9999
02/12/2016 02:40,CENTRAL EAST - VC,23330,2512.95,2615,-9999
02/12/2016 02:40,DYSINGER EAST,23326,1635.5,3150,-9999
02/12/2016 02:40,MOSES SOUTH,23319,1382.74,3000,-1600
02/12/2016 02:40,SCH - HQ - NY,23324,1178,1178,-1000
02/12/2016 02:40,SCH - HQ_CEDARS,325274,75,199,-100
02/12/2016 02:40,SCH - HQ_IMPORT_EXPORT,325376,919,1310,-9999
02/12/2016 02:40,SCH - NE - NY,23318,-753.03,1400,-1600
02/12/2016 02:40,SCH - NPX_1385,325277,0,200,-200
02/12/2016 02:40,SCH - NPX_CSC,325154,100,330,-330
02/12/2016 02:40,SCH - OH - NY,23317,1302.57,1900,-1900
02/12/2016 02:40,SCH - PJ - NY,23316,755.33,2600,-1300
02/12/2016 02:40,SCH - PJM_HTP,325905,0,0,0
02/12/2016 02:40,SCH - PJM_NEPTUNE,325305,660,660,-660
02/12/2016 02:40,SCH - PJM_VFT,325658,315,315,-315
02/12/2016 02:40,SPR/DUN-SOUTH,23320,2300.73,4600,-9999
02/12/2016 02:40,TOTAL EAST,23314,4406.87,6500,-9999
02/12/2016 02:40,UPNY CONED,23315,1671.04,5100,-9999
02/12/2016 02:40,WEST CENTRAL,23312,1185.55,9999,-9999
02/12/2016 02:45,CENTRAL EAST - VC,23330,2507.94,2615,-9999
02/12/2016 02:45,DYSINGER EAST,23326,1553.36,3150,-9999
02/12/2016 02:45,MOSES SOUTH,23319,1406.05,3000,-1600
02/12/2016 02:45,SCH - HQ - NY,23324,1178,1178,-1000
02/12/2016 02:45,SCH - HQ_CEDARS,325274,75,199,-100
02/12/2016 02:45,SCH - HQ_IMPORT_EXPORT,325376,919,1310,-9999
02/12/2016 02:45,SCH - NE - NY,23318,-775.14,1400,-1600
02/12/2016 02:45,SCH - NPX_1385,325277,0,200,-200
02/12/2016 02:45,SCH - NPX_CSC,325154,100,330,-330
02/12/2016 02:45,SCH - OH - NY,23317,1302.21,1900,-1900
02/12/2016 02:45,SCH - PJ - NY,23316,757.67,2600,-1300
02/12/2016 02:45,SCH - PJM_HTP,325905,0,0,0
02/12/2016 02:45,SCH - PJM_NEPTUNE,325305,660,660,-660
02/12/2016 02:45,SCH - PJM_VFT,325658,315,315,-315
02/12/2016 02:45,SPR/DUN-SOUTH,23320,2290.3,4600,-9999
02/12/2016 02:45,TOTAL EAST,23314,4415.46,6500,-9999
02/12/2016 02:45,UPNY CONED,23315,1661.25,5100,-9999
02/12/2016 02:45,WEST CENTRAL,23312,1110.34,9999,-9999
02/12/2016 02:50,CENTRAL EAST - VC,23330,2474.86,2615,-9999
02/12/2016 02:50,DYSINGER EAST,23326,1550.57,3150,-9999
02/12/2016 02:50,MOSES SOUTH,23319,1395.31,3000,-1600
02/12/2016 02:50,SCH - HQ - NY,23324,1178,1178,-1000
02/12/2016 02:50,SCH - HQ_CEDARS,325274,75,199,-100
02/12/2016 02:50,SCH - HQ_IMPORT_EXPORT,325376,919,1310,-9999
02/12/2016 02:50,SCH - NE - NY,23318,-787.21,1400,-1600
02/12/2016 02:50,SCH - NPX_1385,325277,0,200,-200
02/12/2016 02:50,SCH - NPX_CSC,325154,100,330,-330
02/12/2016 02:50,SCH - OH - NY,23317,1302.24,1900,-1900
02/12/2016 02:50,SCH - PJ - NY,23316,756.4,2600,-1300
02/12/2016 02:50,SCH - PJM_HTP,325905,0,0,0
02/12/2016 02:50,SCH - PJM_NEPTUNE,325305,660,660,-660
02/12/2016 02:50,SCH - PJM_VFT,325658,315,315,-315
02/12/2016 02:50,SPR/DUN-SOUTH,23320,2255.13,4600,-9999
02/12/2016 02:50,TOTAL EAST,23314,4386.69,6500,-9999
02/12/2016 02:50,UPNY CONED,23315,1603.3,5100,-9999
02/12/2016 02:50,WEST CENTRAL,23312,1108.97,9999,-9999
02/12/2016 02:55,CENTRAL EAST - VC,23330,2402.09,2615,-9999
02/12/2016 02:55,DYSINGER EAST,23326,1517.02,3150,-9999
02/12/2016 02:55,MOSES SOUTH,23319,1386.41,3000,-1600
02/12/2016 02:55,SCH - HQ - NY,23324,1178,1178,-1000
02/12/2016 02:55,SCH - HQ_CEDARS,325274,75,199,-100
02/12/2016 02:55,SCH - HQ_IMPORT_EXPORT,325376,919,1310,-9999
02/12/2016 02:55,SCH - NE - NY,23318,-787.48,1400,-1600
02/12/2016 02:55,SCH - NPX_1385,325277,0,200,-200
02/12/2016 02:55,SCH - NPX_CSC,325154,100,330,-330
02/12/2016 02:55,SCH - OH - NY,23317,1302.28,1900,-1900
02/12/2016 02:55,SCH - PJ - NY,23316,759.51,2600,-1300
02/12/2016 02:55,SCH - PJM_HTP,325905,0,0,0
02/12/2016 02:55,SCH - PJM_NEPTUNE,325305,660,660,-660
02/12/2016 02:55,SCH - PJM_VFT,325658,315,315,-315
02/12/2016 02:55,SPR/DUN-SOUTH,23320,2169.34,4600,-9999
02/12/2016 02:55,TOTAL EAST,23314,4321.37,6500,-9999
02/12/2016 02:55,UPNY CONED,23315,1529.48,5100,-9999
02/12/2016 02:55,WEST CENTRAL,23312,1076.71,9999,-9999
02/12/2016 03:00,CENTRAL EAST - VC,23330,2305.65,2615,-9999
02/12/2016 03:00,DYSINGER EAST,23326,1394.75,3150,-9999
02/12/2016 03:00,MOSES SOUTH,23319,1408.62,3000,-1600
02/12/2016 03:00,SCH - HQ - NY,23324,1178,1178,-1000
02/12/2016 03:00,SCH - HQ_CEDARS,325274,99,199,-100
02/12/2016 03:00,SCH - HQ_IMPORT_EXPORT,325376,919,1310,-9999
02/12/2016 03:00,SCH - NE - NY,23318,-831.75,1400,-1600
02/12/2016 03:00,SCH - NPX_1385,325277,6,200,-200
02/12/2016 03:00,SCH - NPX_CSC,325154,93,330,-330
02/12/2016 03:00,SCH - OH - NY,23317,1302.35,1900,-1900
02/12/2016 03:00,SCH - PJ - NY,23316,855.23,2600,-1300
02/12/2016 03:00,SCH - PJM_HTP,325905,0,0,0
02/12/2016 03:00,SCH - PJM_NEPTUNE,325305,660,660,-660
02/12/2016 03:00,SCH - PJM_VFT,325658,315,315,-315
02/12/2016 03:00,SPR/DUN-SOUTH,23320,2201.6,4600,-9999
02/12/2016 03:00,TOTAL EAST,23314,4196,6500,-9999
02/12/2016 03:00,UPNY CONED,23315,1575.97,5100,-9999
02/12/2016 03:00,WEST CENTRAL,23312,955.84,9999,-9999
02/12/2016 03:05,CENTRAL EAST - VC,23330,2367.96,2615,-9999
02/12/2016 03:05,DYSINGER EAST,23326,1449.55,3150,-9999
02/12/2016 03:05,MOSES SOUTH,23319,1447.27,3000,-1600
02/12/2016 03:05,SCH - HQ - NY,23324,1178,1178,-1000
02/12/2016 03:05,SCH - HQ_CEDARS,325274,124,199,-100
02/12/2016 03:05,SCH - HQ_IMPORT_EXPORT,325376,919,1310,-9999
02/12/2016 03:05,SCH - NE - NY,23318,-875.05,1400,-1600
02/12/2016 03:05,SCH - NPX_1385,325277,12,200,-200
02/12/2016 03:05,SCH - NPX_CSC,325154,86,330,-330
02/12/2016 03:05,SCH - OH - NY,23317,1302.28,1900,-1900
02/12/2016 03:05,SCH - PJ - NY,23316,952.21,2600,-1300
02/12/2016 03:05,SCH - PJM_HTP,325905,0,0,0
02/12/2016 03:05,SCH - PJM_NEPTUNE,325305,660,660,-660
02/12/2016 03:05,SCH - PJM_VFT,325658,315,315,-315
02/12/2016 03:05,SPR/DUN-SOUTH,23320,2223.42,4600,-9999
02/12/2016 03:05,TOTAL EAST,23314,4242.18,6500,-9999
02/12/2016 03:05,UPNY CONED,23315,1595.93,5100,-9999
02/12/2016 03:05,WEST CENTRAL,23312,1006.72,9999,-9999
02/12/2016 03:10,CENTRAL EAST - VC,23330,2364.31,2615,-9999
02/12/2016 03:10,DYSINGER EAST,23326,1501.57,3150,-9999
02/12/2016 03:10,MOSES SOUTH,23319,1418.65,3000,-1600
02/12/2016 03:10,SCH - HQ - NY,23324,1178,1178,-1000
02/12/2016 03:10,SCH - HQ_CEDARS,325274,124,199,-100
02/12/2016 03:10,SCH - HQ_IMPORT_EXPORT,325376,919,1310,-9999
02/12/2016 03:10,SCH - NE - NY,23318,-875.33,1400,-1600
02/12/2016 03:10,SCH - NPX_1385,325277,12,200,-200
02/12/2016 03:10,SCH - NPX_CSC,325154,86,330,-330
02/12/2016 03:10,SCH - OH - NY,23317,1302.53,1900,-1900
02/12/2016 03:10,SCH - PJ - NY,23316,950.29,2600,-1300
02/12/2016 03:10,SCH - PJM_HTP,325905,0,0,0
02/12/2016 03:10,SCH - PJM_NEPTUNE,325305,660,660,-660
02/12/2016 03:10,SCH - PJM_VFT,325658,315,315,-315
02/12/2016 03:10,SPR/DUN-SOUTH,23320,2213.8,4600,-9999
02/12/2016 03:10,TOTAL EAST,23314,4202,6500,-9999
02/12/2016 03:10,UPNY CONED,23315,1581.71,5100,-9999
02/12/2016 03:10,WEST CENTRAL,23312,1050.95,9999,-9999
02/12/2016 03:15,CENTRAL EAST - VC,23330,2299.55,2615,-9999
02/12/2016 03:15,DYSINGER EAST,23326,1503.55,3150,-9999
02/12/2016 03:15,MOSES SOUTH,23319,1433.7,3000,-1600
02/12/2016 03:15,SCH - HQ - NY,23324,1178,1178,-1000
02/12/2016 03:15,SCH - HQ_CEDARS,325274,124,199,-100
02/12/2016 03:15,SCH - HQ_IMPORT_EXPORT,325376,919,1310,-9999
02/12/2016 03:15,SCH - NE - NY,23318,-875.89,1400,-1600
02/12/2016 03:15,SCH - NPX_1385,325277,12,200,-200
02/12/2016 03:15,SCH - NPX_CSC,325154,86,330,-330
02/12/2016 03:15,SCH - OH - NY,23317,1302.75,1900,-1900
02/12/2016 03:15,SCH - PJ - NY,23316,956.26,2600,-1300
02/12/2016 03:15,SCH - PJM_HTP,325905,0,0,0
02/12/2016 03:15,SCH - PJM_NEPTUNE,325305,660,660,-660
02/12/2016 03:15,SCH - PJM_VFT,325658,315,315,-315
02/12/2016 03:15,SPR/DUN-SOUTH,23320,2186.49,4600,-9999
02/12/2016 03:15,TOTAL EAST,23314,4172.38,6500,-9999
02/12/2016 03:15,UPNY CONED,23315,1553.51,5100,-9999
02/12/2016 03:15,WEST CENTRAL,23312,1053.88,9999,-9999
02/12/2016 03:20,CENTRAL EAST - VC,23330,2371.71,2565,-9999
02/12/2016 03:20,DYSINGER EAST,23326,1535.57,3150,-9999
02/12/2016 03:20,MOSES SOUTH,23319,1455.24,3000,-1600
02/12/2016 03:20,SCH - HQ - NY,23324,1178,1178,-1000
02/12/2016 03:20,SCH - HQ_CEDARS,325274,124,199,-100
02/12/2016 03:20,SCH - HQ_IMPORT_EXPORT,325376,919,1310,-9999
02/12/2016 03:20,SCH - NE - NY,23318,-875.94,1400,-1600
02/12/2016 03:20,SCH - NPX_1385,325277,12,200,-200
02/12/2016 03:20,SCH - NPX_CSC,325154,86,330,-330
02/12/2016 03:20,SCH - OH - NY,23317,1302.78,1900,-1900
02/12/2016 03:20,SCH - PJ - NY,23316,959.08,2600,-1300
02/12/2016 03:20,SCH - PJM_HTP,325905,0,0,0
02/12/2016 03:20,SCH - PJM_NEPTUNE,325305,660,660,-660
02/12/2016 03:20,SCH - PJM_VFT,325658,315,315,-315
02/12/2016 03:20,SPR/DUN-SOUTH,23320,2247.8,4600,-9999
02/12/2016 03:20,TOTAL EAST,23314,4176.64,6500,-9999
02/12/2016 03:20,UPNY CONED,23315,1617.24,5100,-9999
02/12/2016 03:20,WEST CENTRAL,23312,1084.52,9999,-9999
02/12/2016 03:25,CENTRAL EAST - VC,23330,2402.02,2565,-9999
02/12/2016 03:25,DYSINGER EAST,23326,1572.67,3150,-9999
02/12/2016 03:25,MOSES SOUTH,23319,1445.63,3000,-1600
02/12/2016 03:25,SCH - HQ - NY,23324,1178,1178,-1000
02/12/2016 03:25,SCH - HQ_CEDARS,325274,124,199,-100
02/12/2016 03:25,SCH - HQ_IMPORT_EXPORT,325376,919,1310,-9999
02/12/2016 03:25,SCH - NE - NY,23318,-875.31,1400,-1600
02/12/2016 03:25,SCH - NPX_1385,325277,12,200,-200
02/12/2016 03:25,SCH - NPX_CSC,325154,86,330,-330
02/12/2016 03:25,SCH - OH - NY,23317,1302.88,1900,-1900
02/12/2016 03:25,SCH - PJ - NY,23316,959.72,2600,-1300
02/12/2016 03:25,SCH - PJM_HTP,325905,0,0,0
02/12/2016 03:25,SCH - PJM_NEPTUNE,325305,660,660,-660
02/12/2016 03:25,SCH - PJM_VFT,325658,315,315,-315
02/12/2016 03:25,SPR/DUN-SOUTH,23320,2256.85,4600,-9999
02/12/2016 03:25,TOTAL EAST,23314,4178.69,6500,-9999
02/12/2016 03:25,UPNY CONED,23315,1625.2,5100,-9999
02/12/2016 03:25,WEST CENTRAL,23312,1121.07,9999,-9999
02/12/2016 03:30,CENTRAL EAST - VC,23330,2372.22,2565,-9999
02/12/2016 03:30,DYSINGER EAST,23326,1541.45,3150,-9999
02/12/2016 03:30,MOSES SOUTH,23319,1438.17,3000,-1600
02/12/2016 03:30,SCH - HQ - NY,23324,1178,1178,-1000
02/12/2016 03:30,SCH - HQ_CEDARS,325274,124,199,-100
02/12/2016 03:30,SCH - HQ_IMPORT_EXPORT,325376,919,1310,-9999
02/12/2016 03:30,SCH - NE - NY,23318,-875.38,1400,-1600
02/12/2016 03:30,SCH - NPX_1385,325277,12,200,-200
02/12/2016 03:30,SCH - NPX_CSC,325154,86,330,-330
02/12/2016 03:30,SCH - OH - NY,23317,1302.77,1900,-1900
02/12/2016 03:30,SCH - PJ - NY,23316,968.85,2600,-1300
02/12/2016 03:30,SCH - PJM_HTP,325905,0,0,0
02/12/2016 03:30,SCH - PJM_NEPTUNE,325305,660,660,-660
02/12/2016 03:30,SCH - PJM_VFT,325658,315,315,-315
02/12/2016 03:30,SPR/DUN-SOUTH,23320,2234.23,4600,-9999
02/12/2016 03:30,TOTAL EAST,23314,4177.42,6500,-9999
02/12/2016 03:30,UPNY CONED,23315,1601.37,5100,-9999
02/12/2016 03:30,WEST CENTRAL,23312,1093.82,9999,-9999
02/12/2016 03:35,CENTRAL EAST - VC,23330,2399.45,2565,-9999
02/12/2016 03:35,DYSINGER EAST,23326,1562.8,3150,-9999
02/12/2016 03:35,MOSES SOUTH,23319,1445.53,3000,-1600
02/12/2016 03:35,SCH - HQ - NY,23324,1178,1140,-1000
02/12/2016 03:35,SCH - HQ_CEDARS,325274,124,199,-100
02/12/2016 03:35,SCH - HQ_IMPORT_EXPORT,325376,919,1310,-9999
02/12/2016 03:35,SCH - NE - NY,23318,-875.36,1400,-1600
02/12/2016 03:35,SCH - NPX_1385,325277,12,200,-200
02/12/2016 03:35,SCH - NPX_CSC,325154,86,330,-330
02/12/2016 03:35,SCH - OH - NY,23317,1302.85,1900,-1900
02/12/2016 03:35,SCH - PJ - NY,23316,975,2600,-1300
02/12/2016 03:35,SCH - PJM_HTP,325905,0,0,0
02/12/2016 03:35,SCH - PJM_NEPTUNE,325305,660,660,-660
02/12/2016 03:35,SCH - PJM_VFT,325658,315,315,-315
02/12/2016 03:35,SPR/DUN-SOUTH,23320,2248.84,4600,-9999
02/12/2016 03:35,TOTAL EAST,23314,4193.41,6500,-9999
02/12/2016 03:35,UPNY CONED,23315,1615.2,5100,-9999
02/12/2016 03:35,WEST CENTRAL,23312,1115.3,9999,-9999
02/12/2016 03:40,CENTRAL EAST - VC,23330,2434.23,2565,-9999
02/12/2016 03:40,DYSINGER EAST,23326,1606.3,3150,-9999
02/12/2016 03:40,MOSES SOUTH,23319,1446.75,3000,-1600
02/12/2016 03:40,SCH - HQ - NY,23324,1178,1140,-1000
02/12/2016 03:40,SCH - HQ_CEDARS,325274,124,199,-100
02/12/2016 03:40,SCH - HQ_IMPORT_EXPORT,325376,919,1310,-9999
02/12/2016 03:40,SCH - NE - NY,23318,-875.36,1400,-1600
02/12/2016 03:40,SCH - NPX_1385,325277,12,200,-200
02/12/2016 03:40,SCH - NPX_CSC,325154,86,330,-330
02/12/2016 03:40,SCH - OH - NY,23317,1303.01,1900,-1900
02/12/2016 03:40,SCH - PJ - NY,23316,977.44,2600,-1300
02/12/2016 03:40,SCH - PJM_HTP,325905,0,0,0
02/12/2016 03:40,SCH - PJM_NEPTUNE,325305,660,660,-660
02/12/2016 03:40,SCH - PJM_VFT,325658,315,315,-315
02/12/2016 03:40,SPR/DUN-SOUTH,23320,2250.3,4600,-9999
02/12/2016 03:40,TOTAL EAST,23314,4226.5,6500,-9999
02/12/2016 03:40,UPNY CONED,23315,1620.74,5100,-9999
02/12/2016 03:40,WEST CENTRAL,23312,1158.24,9999,-9999
02/12/2016 03:45,CENTRAL EAST - VC,23330,2416.71,2565,-9999
02/12/2016 03:45,DYSINGER EAST,23326,1592.65,3150,-9999
02/12/2016 03:45,MOSES SOUTH,23319,1439.61,3000,-1600
02/12/2016 03:45,SCH - HQ - NY,23324,1178,1178,-1000
02/12/2016 03:45,SCH - HQ_CEDARS,325274,124,199,-100
02/12/2016 03:45,SCH - HQ_IMPORT_EXPORT,325376,919,1310,-9999
02/12/2016 03:45,SCH - NE - NY,23318,-855.67,1400,-1600
02/12/2016 03:45,SCH - NPX_1385,325277,12,200,-200
02/12/2016 03:45,SCH - NPX_CSC,325154,86,330,-330
02/12/2016 03:45,SCH - OH - NY,23317,1302.97,1900,-1900
02/12/2016 03:45,SCH - PJ - NY,23316,980.38,2600,-1300
02/12/2016 03:45,SCH - PJM_HTP,325905,0,0,0
02/12/2016 03:45,SCH - PJM_NEPTUNE,325305,660,660,-660
02/12/2016 03:45,SCH - PJM_VFT,325658,315,315,-315
02/12/2016 03:45,SPR/DUN-SOUTH,23320,2213.96,4600,-9999
02/12/2016 03:45,TOTAL EAST,23314,4251.59,6500,-9999
02/12/2016 03:45,UPNY CONED,23315,1587.19,5100,-9999
02/12/2016 03:45,WEST CENTRAL,23312,1146.2,9999,-9999
02/12/2016 03:50,CENTRAL EAST - VC,23330,2431.03,2565,-9999
02/12/2016 03:50,DYSINGER EAST,23326,1599.28,3150,-9999
02/12/2016 03:50,MOSES SOUTH,23319,1454.74,3000,-1600
02/12/2016 03:50,SCH - HQ - NY,23324,1178,1178,-1000
02/12/2016 03:50,SCH - HQ_CEDARS,325274,124,199,-100
02/12/2016 03:50,SCH - HQ_IMPORT_EXPORT,325376,919,1310,-9999
02/12/2016 03:50,SCH - NE - NY,23318,-835.84,1400,-1600
02/12/2016 03:50,SCH - NPX_1385,325277,12,200,-200
02/12/2016 03:50,SCH - NPX_CSC,325154,86,330,-330
02/12/2016 03:50,SCH - OH - NY,23317,1302.91,1900,-1900
02/12/2016 03:50,SCH - PJ - NY,23316,984.15,2600,-1300
02/12/2016 03:50,SCH - PJM_HTP,325905,0,0,0
02/12/2016 03:50,SCH - PJM_NEPTUNE,325305,660,660,-660
02/12/2016 03:50,SCH - PJM_VFT,325658,315,315,-315
02/12/2016 03:50,SPR/DUN-SOUTH,23320,2241.65,4600,-9999
02/12/2016 03:50,TOTAL EAST,23314,4235.85,6500,-9999
02/12/2016 03:50,UPNY CONED,23315,1621.52,5100,-9999
02/12/2016 03:50,WEST CENTRAL,23312,1152.45,9999,-9999
02/12/2016 03:55,CENTRAL EAST - VC,23330,2463.94,2565,-9999
02/12/2016 03:55,DYSINGER EAST,23326,1666.36,3150,-9999
02/12/2016 03:55,MOSES SOUTH,23319,1442.24,3000,-1600
02/12/2016 03:55,SCH - HQ - NY,23324,1178,1178,-1000
02/12/2016 03:55,SCH - HQ_CEDARS,325274,124,199,-100
02/12/2016 03:55,SCH - HQ_IMPORT_EXPORT,325376,919,1310,-9999
02/12/2016 03:55,SCH - NE - NY,23318,-835.79,1400,-1600
02/12/2016 03:55,SCH - NPX_1385,325277,12,200,-200
02/12/2016 03:55,SCH - NPX_CSC,325154,86,330,-330
02/12/2016 03:55,SCH - OH - NY,23317,1303.22,1900,-1900
02/12/2016 03:55,SCH - PJ - NY,23316,983,2600,-1300
02/12/2016 03:55,SCH - PJM_HTP,325905,0,0,0
02/12/2016 03:55,SCH - PJM_NEPTUNE,325305,660,660,-660
02/12/2016 03:55,SCH - PJM_VFT,325658,315,315,-315
02/12/2016 03:55,SPR/DUN-SOUTH,23320,2282,4600,-9999
02/12/2016 03:55,TOTAL EAST,23314,4226.5,6500,-9999
02/12/2016 03:55,UPNY CONED,23315,1662.97,5100,-9999
02/12/2016 03:55,WEST CENTRAL,23312,1216.47,9999,-9999
02/12/2016 04:00,CENTRAL EAST - VC,23330,2456.2,2590,-9999
02/12/2016 04:00,DYSINGER EAST,23326,1593.74,3150,-9999
02/12/2016 04:00,MOSES SOUTH,23319,1547.09,3000,-1600
02/12/2016 04:00,SCH - HQ - NY,23324,1178,1178,-1000
02/12/2016 04:00,SCH - HQ_CEDARS,325274,161,199,-100
02/12/2016 04:00,SCH - HQ_IMPORT_EXPORT,325376,919,1310,-9999
02/12/2016 04:00,SCH - NE - NY,23318,-900.52,1400,-1600
02/12/2016 04:00,SCH - NPX_1385,325277,24,200,-200
02/12/2016 04:00,SCH - NPX_CSC,325154,63,330,-330
02/12/2016 04:00,SCH - OH - NY,23317,1303.11,1900,-1900
02/12/2016 04:00,SCH - PJ - NY,23316,1074.96,2600,-1300
02/12/2016 04:00,SCH - PJM_HTP,325905,0,0,0
02/12/2016 04:00,SCH - PJM_NEPTUNE,325305,660,660,-660
02/12/2016 04:00,SCH - PJM_VFT,325658,315,315,-315
02/12/2016 04:00,SPR/DUN-SOUTH,23320,2252.62,4600,-9999
02/12/2016 04:00,TOTAL EAST,23314,4264.22,6500,-9999
02/12/2016 04:00,UPNY CONED,23315,1640.92,5100,-9999
02/12/2016 04:00,WEST CENTRAL,23312,1150.32,9999,-9999
02/12/2016 04:05,CENTRAL EAST - VC,23330,2492.61,2590,-9999
02/12/2016 04:05,DYSINGER EAST,23326,1649.45,3150,-9999
02/12/2016 04:05,MOSES SOUTH,23319,1533.65,3000,-1600
02/12/2016 04:05,SCH - HQ - NY,23324,1178,1178,-1000
02/12/2016 04:05,SCH - HQ_CEDARS,325274,199,199,-100
02/12/2016 04:05,SCH - HQ_IMPORT_EXPORT,325376,919,1310,-9999
02/12/2016 04:05,SCH - NE - NY,23318,-971,1400,-1600
02/12/2016 04:05,SCH - NPX_1385,325277,36,200,-200
02/12/2016 04:05,SCH - NPX_CSC,325154,41,330,-330
02/12/2016 04:05,SCH - OH - NY,23317,1303.36,1900,-1900
02/12/2016 04:05,SCH - PJ - NY,23316,1184.51,2600,-1300
02/12/2016 04:05,SCH - PJM_HTP,325905,0,0,0
02/12/2016 04:05,SCH - PJM_NEPTUNE,325305,660,660,-660
02/12/2016 04:05,SCH - PJM_VFT,325658,315,315,-315
02/12/2016 04:05,SPR/DUN-SOUTH,23320,2242.21,4600,-9999
02/12/2016 04:05,TOTAL EAST,23314,4327.42,6500,-9999
02/12/2016 04:05,UPNY CONED,23315,1628.2,5100,-9999
02/12/2016 04:05,WEST CENTRAL,23312,1205.19,9999,-9999
02/12/2016 04:10,CENTRAL EAST - VC,23330,2485.87,2590,-9999
02/12/2016 04:10,DYSINGER EAST,23326,1648.34,3150,-9999
02/12/2016 04:10,MOSES SOUTH,23319,1538.22,3000,-1600
02/12/2016 04:10,SCH - HQ - NY,23324,1178,1178,-1000
02/12/2016 04:10,SCH - HQ_CEDARS,325274,199,199,-100
02/12/2016 04:10,SCH - HQ_IMPORT_EXPORT,325376,919,1310,-9999
02/12/2016 04:10,SCH - NE - NY,23318,-966.28,1400,-1600
02/12/2016 04:10,SCH - NPX_1385,325277,36,200,-200
02/12/2016 04:10,SCH - NPX_CSC,325154,41,330,-330
02/12/2016 04:10,SCH - OH - NY,23317,1303.29,1900,-1900
02/12/2016 04:10,SCH - PJ - NY,23316,1176.73,2600,-1300
02/12/2016 04:10,SCH - PJM_HTP,325905,0,0,0
02/12/2016 04:10,SCH - PJM_NEPTUNE,325305,660,660,-660
02/12/2016 04:10,SCH - PJM_VFT,325658,315,315,-315
02/12/2016 04:10,SPR/DUN-SOUTH,23320,2101.49,4600,-9999
02/12/2016 04:10,TOTAL EAST,23314,4325.39,6500,-9999
02/12/2016 04:10,UPNY CONED,23315,1487.2,5100,-9999
02/12/2016 04:10,WEST CENTRAL,23312,1204.47,9999,-9999
02/12/2016 04:15,CENTRAL EAST - VC,23330,2489.57,2590,-9999
02/12/2016 04:15,DYSINGER EAST,23326,1659.55,3150,-9999
02/12/2016 04:15,MOSES SOUTH,23319,1511.37,3000,-1600
02/12/2016 04:15,SCH - HQ - NY,23324,1178,1178,-1000
02/12/2016 04:15,SCH - HQ_CEDARS,325274,199,199,-100
02/12/2016 04:15,SCH - HQ_IMPORT_EXPORT,325376,919,1310,-9999
02/12/2016 04:15,SCH - NE - NY,23318,-866.56,1400,-1600
02/12/2016 04:15,SCH - NPX_1385,325277,36,200,-200
02/12/2016 04:15,SCH - NPX_CSC,325154,41,330,-330
02/12/2016 04:15,SCH - OH - NY,23317,1303.23,1900,-1900
02/12/2016 04:15,SCH - PJ - NY,23316,1136.55,2600,-1300
02/12/2016 04:15,SCH - PJM_HTP,325905,0,0,0
02/12/2016 04:15,SCH - PJM_NEPTUNE,325305,660,660,-660
02/12/2016 04:15,SCH - PJM_VFT,325658,315,315,-315
02/12/2016 04:15,SPR/DUN-SOUTH,23320,2213.76,4600,-9999
02/12/2016 04:15,TOTAL EAST,23314,4279.74,6500,-9999
02/12/2016 04:15,UPNY CONED,23315,1604.58,5100,-9999
02/12/2016 04:15,WEST CENTRAL,23312,1202.98,9999,-9999
02/12/2016 04:20,CENTRAL EAST - VC,23330,2490.2,2590,-9999
02/12/2016 04:20,DYSINGER EAST,23326,1647.21,3150,-9999
02/12/2016 04:20,MOSES SOUTH,23319,1509.1,3000,-1600
02/12/2016 04:20,SCH - HQ - NY,23324,1178,1178,-1000
02/12/2016 04:20,SCH - HQ_CEDARS,325274,199,199,-100
02/12/2016 04:20,SCH - HQ_IMPORT_EXPORT,325376,919,1310,-9999
02/12/2016 04:20,SCH - NE - NY,23318,-767,1400,-1600
02/12/2016 04:20,SCH - NPX_1385,325277,36,200,-200
02/12/2016 04:20,SCH - NPX_CSC,325154,41,330,-330
02/12/2016 04:20,SCH - OH - NY,23317,1303.07,1900,-1900
02/12/2016 04:20,SCH - PJ - NY,23316,1098.71,2600,-1300
02/12/2016 04:20,SCH - PJM_HTP,325905,0,0,0
02/12/2016 04:20,SCH - PJM_NEPTUNE,325305,660,660,-660
02/12/2016 04:20,SCH - PJM_VFT,325658,315,315,-315
02/12/2016 04:20,SPR/DUN-SOUTH,23320,2279.08,4600,-9999
02/12/2016 04:20,TOTAL EAST,23314,4234.29,6500,-9999
02/12/2016 04:20,UPNY CONED,23315,1659.49,5100,-9999
02/12/2016 04:20,WEST CENTRAL,23312,1185.52,9999,-9999
02/12/2016 04:25,CENTRAL EAST - VC,23330,2463.02,2590,-9999
02/12/2016 04:25,DYSINGER EAST,23326,1593.02,3150,-9999
02/12/2016 04:25,MOSES SOUTH,23319,1545.85,3000,-1600
02/12/2016 04:25,SCH - HQ - NY,23324,1178,1178,-1000
02/12/2016 04:25,SCH - HQ_CEDARS,325274,199,199,-100
02/12/2016 04:25,SCH - HQ_IMPORT_EXPORT,325376,919,1310,-9999
02/12/2016 04:25,SCH - NE - NY,23318,-767.93,1400,-1600
02/12/2016 04:25,SCH - NPX_1385,325277,36,200,-200
02/12/2016 04:25,SCH - NPX_CSC,325154,41,330,-330
02/12/2016 04:25,SCH - OH - NY,23317,1303.16,1900,-1900
02/12/2016 04:25,SCH - PJ - NY,23316,1102.44,2600,-1300
02/12/2016 04:25,SCH - PJM_HTP,325905,0,0,0
02/12/2016 04:25,SCH - PJM_NEPTUNE,325305,660,660,-660
02/12/2016 04:25,SCH - PJM_VFT,325658,315,315,-315
02/12/2016 04:25,SPR/DUN-SOUTH,23320,2255.29,4600,-9999
02/12/2016 04:25,TOTAL EAST,23314,4280.22,6500,-9999
02/12/2016 04:25,UPNY CONED,23315,1658.45,5100,-9999
02/12/2016 04:25,WEST CENTRAL,23312,1132.6,9999,-9999
02/12/2016 04:30,CENTRAL EAST - VC,23330,2372.43,2590,-9999
02/12/2016 04:30,DYSINGER EAST,23326,1448.24,3150,-9999
02/12/2016 04:30,MOSES SOUTH,23319,1531.3,3000,-1600
02/12/2016 04:30,SCH - HQ - NY,23324,1178,1178,-1000
02/12/2016 04:30,SCH - HQ_CEDARS,325274,199,199,-100
02/12/2016 04:30,SCH - HQ_IMPORT_EXPORT,325376,919,1310,-9999
02/12/2016 04:30,SCH - NE - NY,23318,-867.02,1400,-1600
02/12/2016 04:30,SCH - NPX_1385,325277,36,200,-200
02/12/2016 04:30,SCH - NPX_CSC,325154,41,330,-330
02/12/2016 04:30,SCH - OH - NY,23317,1303.19,1900,-1900
02/12/2016 04:30,SCH - PJ - NY,23316,1134.41,2600,-1300
02/12/2016 04:30,SCH - PJM_HTP,325905,0,0,0
02/12/2016 04:30,SCH - PJM_NEPTUNE,325305,660,660,-660
02/12/2016 04:30,SCH - PJM_VFT,325658,315,315,-315
02/12/2016 04:30,SPR/DUN-SOUTH,23320,2259.26,4600,-9999
02/12/2016 04:30,TOTAL EAST,23314,4098.3,6500,-9999
02/12/2016 04:30,UPNY CONED,23315,1693.98,5100,-9999
02/12/2016 04:30,WEST CENTRAL,23312,996.08,9999,-9999
02/12/2016 04:35,CENTRAL EAST - VC,23330,2415.35,2590,-9999
02/12/2016 04:35,DYSINGER EAST,23326,1509.9,3150,-9999
02/12/2016 04:35,MOSES SOUTH,23319,1505.07,3000,-1600
02/12/2016 04:35,SCH - HQ - NY,23324,1178,1178,-1000
02/12/2016 04:35,SCH - HQ_CEDARS,325274,199,199,-100
02/12/2016 04:35,SCH - HQ_IMPORT_EXPORT,325376,919,1310,-9999
02/12/2016 04:35,SCH - NE - NY,23318,-966.03,1400,-1600
02/12/2016 04:35,SCH - NPX_1385,325277,36,200,-200
02/12/2016 04:35,SCH - NPX_CSC,325154,41,330,-330
02/12/2016 04:35,SCH - OH - NY,23317,1303.01,1900,-1900
02/12/2016 04:35,SCH - PJ - NY,23316,1172.57,2600,-1300
02/12/2016 04:35,SCH - PJM_HTP,325905,0,0,0
02/12/2016 04:35,SCH - PJM_NEPTUNE,325305,660,660,-660
02/12/2016 04:35,SCH - PJM_VFT,325658,315,315,-315
02/12/2016 04:35,SPR/DUN-SOUTH,23320,2228.85,4600,-9999
02/12/2016 04:35,TOTAL EAST,23314,4189.49,6500,-9999
02/12/2016 04:35,UPNY CONED,23315,1673.31,5100,-9999
02/12/2016 04:35,WEST CENTRAL,23312,1051.23,9999,-9999
02/12/2016 04:40,CENTRAL EAST - VC,23330,2489.96,2590,-9999
02/12/2016 04:40,DYSINGER EAST,23326,1614.45,3150,-9999
02/12/2016 04:40,MOSES SOUTH,23319,1420.18,3000,-1600
02/12/2016 04:40,SCH - HQ - NY,23324,1178,1178,-1000
02/12/2016 04:40,SCH - HQ_CEDARS,325274,199,199,-100
02/12/2016 04:40,SCH - HQ_IMPORT_EXPORT,325376,919,1310,-9999
02/12/2016 04:40,SCH - NE - NY,23318,-971.14,1400,-1600
02/12/2016 04:40,SCH - NPX_1385,325277,36,200,-200
02/12/2016 04:40,SCH - NPX_CSC,325154,41,330,-330
02/12/2016 04:40,SCH - OH - NY,23317,1303.14,1900,-1900
02/12/2016 04:40,SCH - PJ - NY,23316,1177.29,2600,-1300
02/12/2016 04:40,SCH - PJM_HTP,325905,0,0,0
02/12/2016 04:40,SCH - PJM_NEPTUNE,325305,660,660,-660
02/12/2016 04:40,SCH - PJM_VFT,325658,315,315,-315
02/12/2016 04:40,SPR/DUN-SOUTH,23320,2290.76,4600,-9999
02/12/2016 04:40,TOTAL EAST,23314,4200.17,6500,-9999
02/12/2016 04:40,UPNY CONED,23315,1747.02,5100,-9999
02/12/2016 04:40,WEST CENTRAL,23312,1143.04,9999,-9999
02/12/2016 04:45,CENTRAL EAST - VC,23330,2402.5,2590,-9999
02/12/2016 04:45,DYSINGER EAST,23326,1419.71,3150,-9999
02/12/2016 04:45,MOSES SOUTH,23319,1461.01,3000,-1600
02/12/2016 04:45,SCH - HQ - NY,23324,1178,1178,-1000
02/12/2016 04:45,SCH - HQ_CEDARS,325274,199,199,-100
02/12/2016 04:45,SCH - HQ_IMPORT_EXPORT,325376,919,1310,-9999
02/12/2016 04:45,SCH - NE - NY,23318,-942.52,1400,-1600
02/12/2016 04:45,SCH - NPX_1385,325277,36,200,-200
02/12/2016 04:45,SCH - NPX_CSC,325154,41,330,-330
02/12/2016 04:45,SCH - OH - NY,23317,1302.87,1900,-1900
02/12/2016 04:45,SCH - PJ - NY,23316,1172.64,2600,-1300
02/12/2016 04:45,SCH - PJM_HTP,325905,0,0,0
02/12/2016 04:45,SCH - PJM_NEPTUNE,325305,660,660,-660
02/12/2016 04:45,SCH - PJM_VFT,325658,315,315,-315
02/12/2016 04:45,SPR/DUN-SOUTH,23320,2228.35,4600,-9999
02/12/2016 04:45,TOTAL EAST,23314,4178.32,6500,-9999
02/12/2016 04:45,UPNY CONED,23315,1703.48,5100,-9999
02/12/2016 04:45,WEST CENTRAL,23312,952.29,9999,-9999
02/12/2016 04:50,CENTRAL EAST - VC,23330,2410.98,2590,-9999
02/12/2016 04:50,DYSINGER EAST,23326,1447.2,3150,-9999
02/12/2016 04:50,MOSES SOUTH,23319,1485.54,3000,-1600
02/12/2016 04:50,SCH - HQ - NY,23324,1178,1178,-1000
02/12/2016 04:50,SCH - HQ_CEDARS,325274,199,199,-100
02/12/2016 04:50,SCH - HQ_IMPORT_EXPORT,325376,919,1310,-9999
02/12/2016 04:50,SCH - NE - NY,23318,-918.8,1400,-1600
02/12/2016 04:50,SCH - NPX_1385,325277,36,200,-200
02/12/2016 04:50,SCH - NPX_CSC,325154,41,330,-330
02/12/2016 04:50,SCH - OH - NY,23317,1303.07,1900,-1900
02/12/2016 04:50,SCH - PJ - NY,23316,1177.01,2600,-1300
02/12/2016 04:50,SCH - PJM_HTP,325905,0,0,0
02/12/2016 04:50,SCH - PJM_NEPTUNE,325305,660,660,-660
02/12/2016 04:50,SCH - PJM_VFT,325658,315,315,-315
02/12/2016 04:50,SPR/DUN-SOUTH,23320,2235.96,4600,-9999
02/12/2016 04:50,TOTAL EAST,23314,4196.8,6500,-9999
02/12/2016 04:50,UPNY CONED,23315,1721.51,5100,-9999
02/12/2016 04:50,WEST CENTRAL,23312,982.16,9999,-9999
02/12/2016 04:55,CENTRAL EAST - VC,23330,2414.78,2590,-9999
02/12/2016 04:55,DYSINGER EAST,23326,1497.03,3150,-9999
02/12/2016 04:55,MOSES SOUTH,23319,1478.9,3000,-1600
02/12/2016 04:55,SCH - HQ - NY,23324,1178,1178,-1000
02/12/2016 04:55,SCH - HQ_CEDARS,325274,199,199,-100
02/12/2016 04:55,SCH - HQ_IMPORT_EXPORT,325376,919,1310,-9999
02/12/2016 04:55,SCH - NE - NY,23318,-918.84,1400,-1600
02/12/2016 04:55,SCH - NPX_1385,325277,36,200,-200
02/12/2016 04:55,SCH - NPX_CSC,325154,41,330,-330
02/12/2016 04:55,SCH - OH - NY,23317,1303.04,1900,-1900
02/12/2016 04:55,SCH - PJ - NY,23316,1177.82,2600,-1300
02/12/2016 04:55,SCH - PJM_HTP,325905,0,0,0
02/12/2016 04:55,SCH - PJM_NEPTUNE,325305,660,660,-660
02/12/2016 04:55,SCH - PJM_VFT,325658,315,315,-315
02/12/2016 04:55,SPR/DUN-SOUTH,23320,2237.38,4600,-9999
02/12/2016 04:55,TOTAL EAST,23314,4215.85,6500,-9999
02/12/2016 04:55,UPNY CONED,23315,1726.93,5100,-9999
02/12/2016 04:55,WEST CENTRAL,23312,1021.25,9999,-9999
02/12/2016 05:00,CENTRAL EAST - VC,23330,2313.36,2590,-9999
02/12/2016 05:00,DYSINGER EAST,23326,1370.94,3150,-9999
02/12/2016 05:00,MOSES SOUTH,23319,1490.81,3000,-1600
02/12/2016 05:00,SCH - HQ - NY,23324,1178,1178,-1000
02/12/2016 05:00,SCH - HQ_CEDARS,325274,199,199,-100
02/12/2016 05:00,SCH - HQ_IMPORT_EXPORT,325376,919,1310,-9999
02/12/2016 05:00,SCH - NE - NY,23318,-850.52,1400,-1600
02/12/2016 05:00,SCH - NPX_1385,325277,40,200,-200
02/12/2016 05:00,SCH - NPX_CSC,325154,35,330,-330
02/12/2016 05:00,SCH - OH - NY,23317,1303.11,1900,-1900
02/12/2016 05:00,SCH - PJ - NY,23316,1068.75,2600,-1300
02/12/2016 05:00,SCH - PJM_HTP,325905,0,0,0
02/12/2016 05:00,SCH - PJM_NEPTUNE,325305,660,660,-660
02/12/2016 05:00,SCH - PJM_VFT,325658,315,315,-315
02/12/2016 05:00,SPR/DUN-SOUTH,23320,2180.33,4600,-9999
02/12/2016 05:00,TOTAL EAST,23314,4065.18,6500,-9999
02/12/2016 05:00,UPNY CONED,23315,1677.81,5100,-9999
02/12/2016 05:00,WEST CENTRAL,23312,894.57,9999,-9999
02/12/2016 05:05,CENTRAL EAST - VC,23330,2306.47,2590,-9999
02/12/2016 05:05,DYSINGER EAST,23326,1470.67,3150,-9999
02/12/2016 05:05,MOSES SOUTH,23319,1492.04,3000,-1600
02/12/2016 05:05,SCH - HQ - NY,23324,1178,1178,-1000
02/12/2016 05:05,SCH - HQ_CEDARS,325274,177,199,-100
02/12/2016 05:05,SCH - HQ_IMPORT_EXPORT,325376,919,1310,-9999
02/12/2016 05:05,SCH - NE - NY,23318,-782.25,1400,-1600
02/12/2016 05:05,SCH - NPX_1385,325277,45,200,-200
02/12/2016 05:05,SCH - NPX_CSC,325154,29,330,-330
02/12/2016 05:05,SCH - OH - NY,23317,1303.28,1900,-1900
02/12/2016 05:05,SCH - PJ - NY,23316,959.78,2600,-1300
02/12/2016 05:05,SCH - PJM_HTP,325905,0,0,0
02/12/2016 05:05,SCH - PJM_NEPTUNE,325305,660,660,-660
02/12/2016 05:05,SCH - PJM_VFT,325658,315,315,-315
02/12/2016 05:05,SPR/DUN-SOUTH,23320,2204.61,4600,-9999
02/12/2016 05:05,TOTAL EAST,23314,4035.86,6500,-9999
02/12/2016 05:05,UPNY CONED,23315,1725.28,5100,-9999
02/12/2016 05:05,WEST CENTRAL,23312,984.21,9999,-9999
02/12/2016 05:10,CENTRAL EAST - VC,23330,2281.09,2590,-9999
02/12/2016 05:10,DYSINGER EAST,23326,1570.02,3150,-9999
02/12/2016 05:10,MOSES SOUTH,23319,1498.58,3000,-1600
02/12/2016 05:10,SCH - HQ - NY,23324,1178,1178,-1000
02/12/2016 05:10,SCH - HQ_CEDARS,325274,177,199,-100
02/12/2016 05:10,SCH - HQ_IMPORT_EXPORT,325376,919,1310,-9999
02/12/2016 05:10,SCH - NE - NY,23318,-782.97,1400,-1600
02/12/2016 05:10,SCH - NPX_1385,325277,45,200,-200
02/12/2016 05:10,SCH - NPX_CSC,325154,29,330,-330
02/12/2016 05:10,SCH - OH - NY,23317,1303.37,1900,-1900
02/12/2016 05:10,SCH - PJ - NY,23316,960.1,2600,-1300
02/12/2016 05:10,SCH - PJM_HTP,325905,0,0,0
02/12/2016 05:10,SCH - PJM_NEPTUNE,325305,660,660,-660
02/12/2016 05:10,SCH - PJM_VFT,325658,315,315,-315
02/12/2016 05:10,SPR/DUN-SOUTH,23320,2207.83,4600,-9999
02/12/2016 05:10,TOTAL EAST,23314,4117.83,6500,-9999
02/12/2016 05:10,UPNY CONED,23315,1747.33,5100,-9999
02/12/2016 05:10,WEST CENTRAL,23312,1064.8,9999,-9999
02/12/2016 05:15,CENTRAL EAST - VC,23330,2306.82,2590,-9999
02/12/2016 05:15,DYSINGER EAST,23326,1523.23,3150,-9999
02/12/2016 05:15,MOSES SOUTH,23319,1434.12,3000,-1600
02/12/2016 05:15,SCH - HQ - NY,23324,1178,1178,-1000
02/12/2016 05:15,SCH - HQ_CEDARS,325274,177,199,-100
02/12/2016 05:15,SCH - HQ_IMPORT_EXPORT,325376,919,1310,-9999
02/12/2016 05:15,SCH - NE - NY,23318,-713.81,1400,-1600
02/12/2016 05:15,SCH - NPX_1385,325277,45,200,-200
02/12/2016 05:15,SCH - NPX_CSC,325154,29,330,-330
02/12/2016 05:15,SCH - OH - NY,23317,1302.92,1900,-1900
02/12/2016 05:15,SCH - PJ - NY,23316,981.99,2600,-1300
02/12/2016 05:15,SCH - PJM_HTP,325905,0,0,0
02/12/2016 05:15,SCH - PJM_NEPTUNE,325305,660,660,-660
02/12/2016 05:15,SCH - PJM_VFT,325658,315,315,-315
02/12/2016 05:15,SPR/DUN-SOUTH,23320,2270.49,4600,-9999
02/12/2016 05:15,TOTAL EAST,23314,4097.01,6500,-9999
02/12/2016 05:15,UPNY CONED,23315,1822.85,5100,-9999
02/12/2016 05:15,WEST CENTRAL,23312,1013.06,9999,-9999
02/12/2016 05:20,CENTRAL EAST - VC,23330,2253.43,2590,-9999
02/12/2016 05:20,DYSINGER EAST,23326,1380.26,3150,-9999
02/12/2016 05:20,MOSES SOUTH,23319,1407.09,3000,-1600
02/12/2016 05:20,SCH - HQ - NY,23324,1178,1178,-1000
02/12/2016 05:20,SCH - HQ_CEDARS,325274,177,199,-100
02/12/2016 05:20,SCH - HQ_IMPORT_EXPORT,325376,919,1310,-9999
02/12/2016 05:20,SCH - NE - NY,23318,-645.88,1400,-1600
02/12/2016 05:20,SCH - NPX_1385,325277,45,200,-200
02/12/2016 05:20,SCH - NPX_CSC,325154,29,330,-330
02/12/2016 05:20,SCH - OH - NY,23317,1302.55,1900,-1900
02/12/2016 05:20,SCH - PJ - NY,23316,1003.52,2600,-1300
02/12/2016 05:20,SCH - PJM_HTP,325905,0,0,0
02/12/2016 05:20,SCH - PJM_NEPTUNE,325305,660,660,-660
02/12/2016 05:20,SCH - PJM_VFT,325658,315,315,-315
02/12/2016 05:20,SPR/DUN-SOUTH,23320,2289.62,4600,-9999
02/12/2016 05:20,TOTAL EAST,23314,3993.52,6500,-9999
02/12/2016 05:20,UPNY CONED,23315,1764.17,5100,-9999
02/12/2016 05:20,WEST CENTRAL,23312,872.01,9999,-9999
02/12/2016 05:25,CENTRAL EAST - VC,23330,2230.6,2590,-9999
02/12/2016 05:25,DYSINGER EAST,23326,1415.49,3150,-9999
02/12/2016 05:25,MOSES SOUTH,23319,1436.21,3000,-1600
02/12/2016 05:25,SCH - HQ - NY,23324,1178,1178,-1000
02/12/2016 05:25,SCH - HQ_CEDARS,325274,177,199,-100
02/12/2016 05:25,SCH - HQ_IMPORT_EXPORT,325376,919,1310,-9999
02/12/2016 05:25,SCH - NE - NY,23318,-646.8,1400,-1600
02/12/2016 05:25,SCH - NPX_1385,325277,45,200,-200
02/12/2016 05:25,SCH - NPX_CSC,325154,29,330,-330
02/12/2016 05:25,SCH - OH - NY,23317,1302.82,1900,-1900
02/12/2016 05:25,SCH - PJ - NY,23316,1004.33,2600,-1300
02/12/2016 05:25,SCH - PJM_HTP,325905,0,0,0
02/12/2016 05:25,SCH - PJM_NEPTUNE,325305,660,660,-660
02/12/2016 05:25,SCH - PJM_VFT,325658,315,315,-315
02/12/2016 05:25,SPR/DUN-SOUTH,23320,2261.51,4600,-9999
02/12/2016 05:25,TOTAL EAST,23314,4044.65,6500,-9999
02/12/2016 05:25,UPNY CONED,23315,1754.11,5100,-9999
02/12/2016 05:25,WEST CENTRAL,23312,904.98,9999,-9999
02/12/2016 05:30,CENTRAL EAST - VC,23330,2242.81,2590,-9999
02/12/2016 05:30,DYSINGER EAST,23326,1470.61,3150,-9999
02/12/2016 05:30,MOSES SOUTH,23319,1452.51,3000,-1600
02/12/2016 05:30,SCH - HQ - NY,23324,1178,1178,-1000
02/12/2016 05:30,SCH - HQ_CEDARS,325274,177,199,-100
02/12/2016 05:30,SCH - HQ_IMPORT_EXPORT,325376,919,1310,-9999
02/12/2016 05:30,SCH - NE - NY,23318,-633.56,1400,-1600
02/12/2016 05:30,SCH - NPX_1385,325277,45,200,-200
02/12/2016 05:30,SCH - NPX_CSC,325154,29,330,-330
02/12/2016 05:30,SCH - OH - NY,23317,1303,1900,-1900
02/12/2016 05:30,SCH - PJ - NY,23316,1027.5,2600,-1300
02/12/2016 05:30,SCH - PJM_HTP,325905,0,0,0
02/12/2016 05:30,SCH - PJM_NEPTUNE,325305,660,660,-660
02/12/2016 05:30,SCH - PJM_VFT,325658,315,315,-315
02/12/2016 05:30,SPR/DUN-SOUTH,23320,2288.55,4600,-9999
02/12/2016 05:30,TOTAL EAST,23314,4086.99,6500,-9999
02/12/2016 05:30,UPNY CONED,23315,1799.11,5100,-9999
02/12/2016 05:30,WEST CENTRAL,23312,953.29,9999,-9999
02/12/2016 05:35,CENTRAL EAST - VC,23330,2267.16,2590,-9999
02/12/2016 05:35,DYSINGER EAST,23326,1533.1,3150,-9999
02/12/2016 05:35,MOSES SOUTH,23319,1447.6,3000,-1600
02/12/2016 05:35,SCH - HQ - NY,23324,1178,1178,-1000
02/12/2016 05:35,SCH - HQ_CEDARS,325274,177,199,-100
02/12/2016 05:35,SCH - HQ_IMPORT_EXPORT,325376,919,1310,-9999
02/12/2016 05:35,SCH - NE - NY,23318,-621.56,1400,-1600
02/12/2016 05:35,SCH - NPX_1385,325277,45,200,-200
02/12/2016 05:35,SCH - NPX_CSC,325154,29,330,-330
02/12/2016 05:35,SCH - OH - NY,23317,1303.1,1900,-1900
02/12/2016 05:35,SCH - PJ - NY,23316,1055.2,2600,-1300
02/12/2016 05:35,SCH - PJM_HTP,325905,0,0,0
02/12/2016 05:35,SCH - PJM_NEPTUNE,325305,660,660,-660
02/12/2016 05:35,SCH - PJM_VFT,325658,315,315,-315
02/12/2016 05:35,SPR/DUN-SOUTH,23320,2312.47,4600,-9999
02/12/2016 05:35,TOTAL EAST,23314,4139.16,6500,-9999
02/12/2016 05:35,UPNY CONED,23315,1847.26,5100,-9999
02/12/2016 05:35,WEST CENTRAL,23312,1006.04,9999,-9999
02/12/2016 05:40,CENTRAL EAST - VC,23330,2295.44,2590,-9999
02/12/2016 05:40,DYSINGER EAST,23326,1550.41,3150,-9999
02/12/2016 05:40,MOSES SOUTH,23319,1479.94,3000,-1600
02/12/2016 05:40,SCH - HQ - NY,23324,1178,1178,-1000
02/12/2016 05:40,SCH - HQ_CEDARS,325274,177,199,-100
02/12/2016 05:40,SCH - HQ_IMPORT_EXPORT,325376,919,1310,-9999
02/12/2016 05:40,SCH - NE - NY,23318,-621.7,1400,-1600
02/12/2016 05:40,SCH - NPX_1385,325277,45,200,-200
02/12/2016 05:40,SCH - NPX_CSC,325154,29,330,-330
02/12/2016 05:40,SCH - OH - NY,23317,1303.19,1900,-1900
02/12/2016 05:40,SCH - PJ - NY,23316,1055.4,2600,-1300
02/12/2016 05:40,SCH - PJM_HTP,325905,0,0,0
02/12/2016 05:40,SCH - PJM_NEPTUNE,325305,660,660,-660
02/12/2016 05:40,SCH - PJM_VFT,325658,315,315,-315
02/12/2016 05:40,SPR/DUN-SOUTH,23320,2299.04,4600,-9999
02/12/2016 05:40,TOTAL EAST,23314,4134.1,6500,-9999
02/12/2016 05:40,UPNY CONED,23315,1857.54,5100,-9999
02/12/2016 05:40,WEST CENTRAL,23312,1020.26,9999,-9999
02/12/2016 05:45,CENTRAL EAST - VC,23330,2355.61,2590,-9999
02/12/2016 05:45,DYSINGER EAST,23326,1622.43,3150,-9999
02/12/2016 05:45,MOSES SOUTH,23319,1465.71,3000,-1600
02/12/2016 05:45,SCH - HQ - NY,23324,1178,1178,-1000
02/12/2016 05:45,SCH - HQ_CEDARS,325274,177,199,-100
02/12/2016 05:45,SCH - HQ_IMPORT_EXPORT,325376,919,1310,-9999
02/12/2016 05:45,SCH - NE - NY,23318,-621.49,1400,-1600
02/12/2016 05:45,SCH - NPX_1385,325277,45,200,-200
02/12/2016 05:45,SCH - NPX_CSC,325154,29,330,-330
02/12/2016 05:45,SCH - OH - NY,23317,1303.1,1900,-1900
02/12/2016 05:45,SCH - PJ - NY,23316,967.33,2600,-1300
02/12/2016 05:45,SCH - PJM_HTP,325905,0,0,0
02/12/2016 05:45,SCH - PJM_NEPTUNE,325305,660,660,-660
02/12/2016 05:45,SCH - PJM_VFT,325658,315,315,-315
02/12/2016 05:45,SPR/DUN-SOUTH,23320,2322.59,4600,-9999
02/12/2016 05:45,TOTAL EAST,23314,4154.65,6500,-9999
02/12/2016 05:45,UPNY CONED,23315,1902.87,5100,-9999
02/12/2016 05:45,WEST CENTRAL,23312,1086.6,9999,-9999
02/12/2016 05:50,CENTRAL EAST - VC,23330,2348.54,2590,-9999
02/12/2016 05:50,DYSINGER EAST,23326,1667.92,3150,-9999
02/12/2016 05:50,MOSES SOUTH,23319,1474.89,3000,-1600
02/12/2016 05:50,SCH - HQ - NY,23324,1178,1178,-1000
02/12/2016 05:50,SCH - HQ_CEDARS,325274,177,199,-100
02/12/2016 05:50,SCH - HQ_IMPORT_EXPORT,325376,919,1310,-9999
02/12/2016 05:50,SCH - NE - NY,23318,-621.64,1400,-1600
02/12/2016 05:50,SCH - NPX_1385,325277,45,200,-200
02/12/2016 05:50,SCH - NPX_CSC,325154,29,330,-330
02/12/2016 05:50,SCH - OH - NY,23317,1303.03,1900,-1900
02/12/2016 05:50,SCH - PJ - NY,23316,881.07,2600,-1300
02/12/2016 05:50,SCH - PJM_HTP,325905,0,0,0
02/12/2016 05:50,SCH - PJM_NEPTUNE,325305,660,660,-660
02/12/2016 05:50,SCH - PJM_VFT,325658,315,315,-315
02/12/2016 05:50,SPR/DUN-SOUTH,23320,2307.63,4600,-9999
02/12/2016 05:50,TOTAL EAST,23314,4225.31,6500,-9999
02/12/2016 05:50,UPNY CONED,23315,1879.81,5100,-9999
02/12/2016 05:50,WEST CENTRAL,23312,1126.69,9999,-9999
02/12/2016 05:55,CENTRAL EAST - VC,23330,2371.57,2590,-9999
02/12/2016 05:55,DYSINGER EAST,23326,1691.24,3150,-9999
02/12/2016 05:55,MOSES SOUTH,23319,1443.45,3000,-1600
02/12/2016 05:55,SCH - HQ - NY,23324,1178,1178,-1000
02/12/2016 05:55,SCH - HQ_CEDARS,325274,177,199,-100
02/12/2016 05:55,SCH - HQ_IMPORT_EXPORT,325376,919,1310,-9999
02/12/2016 05:55,SCH - NE - NY,23318,-621.53,1400,-1600
02/12/2016 05:55,SCH - NPX_1385,325277,45,200,-200
02/12/2016 05:55,SCH - NPX_CSC,325154,29,330,-330
02/12/2016 05:55,SCH - OH - NY,23317,1302.84,1900,-1900
02/12/2016 05:55,SCH - PJ - NY,23316,880.5,2600,-1300
02/12/2016 05:55,SCH - PJM_HTP,325905,0,0,0
02/12/2016 05:55,SCH - PJM_NEPTUNE,325305,660,660,-660
02/12/2016 05:55,SCH - PJM_VFT,325658,315,315,-315
02/12/2016 05:55,SPR/DUN-SOUTH,23320,2311.34,4600,-9999
02/12/2016 05:55,TOTAL EAST,23314,4277.19,6500,-9999
02/12/2016 05:55,UPNY CONED,23315,1882.32,5100,-9999
02/12/2016 05:55,WEST CENTRAL,23312,1139.96,9999,-9999
02/12/2016 06:00,CENTRAL EAST - VC,23330,2351.85,2615,-9999
02/12/2016 06:00,DYSINGER EAST,23326,1797.9,3150,-9999
02/12/2016 06:00,MOSES SOUTH,23319,1175.37,3000,-1600
02/12/2016 06:00,SCH - HQ - NY,23324,928,1178,-1000
02/12/2016 06:00,SCH - HQ_CEDARS,325274,88,199,-100
02/12/2016 06:00,SCH - HQ_IMPORT_EXPORT,325376,669,1310,-9999
02/12/2016 06:00,SCH - NE - NY,23318,-569.34,1400,-1600
02/12/2016 06:00,SCH - NPX_1385,325277,50,200,-200
02/12/2016 06:00,SCH - NPX_CSC,325154,122,330,-330
02/12/2016 06:00,SCH - OH - NY,23317,1302.76,1900,-1900
02/12/2016 06:00,SCH - PJ - NY,23316,632,2600,-1300
02/12/2016 06:00,SCH - PJM_HTP,325905,0,0,0
02/12/2016 06:00,SCH - PJM_NEPTUNE,325305,469,660,-660
02/12/2016 06:00,SCH - PJM_VFT,325658,302,315,-315
02/12/2016 06:00,SPR/DUN-SOUTH,23320,2333.88,4600,-9999
02/12/2016 06:00,TOTAL EAST,23314,4014.84,6500,-9999
02/12/2016 06:00,UPNY CONED,23315,1948.89,5100,-9999
02/12/2016 06:00,WEST CENTRAL,23312,1233.11,9999,-9999
02/12/2016 06:05,CENTRAL EAST - VC,23330,2113.98,2615,-9999
02/12/2016 06:05,DYSINGER EAST,23326,1812.51,3150,-9999
02/12/2016 06:05,MOSES SOUTH,23319,834.99,3000,-1600
02/12/2016 06:05,SCH - HQ - NY,23324,678,1178,-1000
02/12/2016 06:05,SCH - HQ_CEDARS,325274,0,199,-100
02/12/2016 06:05,SCH - HQ_IMPORT_EXPORT,325376,419,1310,-9999
02/12/2016 06:05,SCH - NE - NY,23318,-201.44,1400,-1600
02/12/2016 06:05,SCH - NPX_1385,325277,70,200,-200
02/12/2016 06:05,SCH - NPX_CSC,325154,215,330,-330
02/12/2016 06:05,SCH - OH - NY,23317,1302.37,1900,-1900
02/12/2016 06:05,SCH - PJ - NY,23316,614.89,2600,-1300
02/12/2016 06:05,SCH - PJM_HTP,325905,0,0,0
02/12/2016 06:05,SCH - PJM_NEPTUNE,325305,279,660,-660
02/12/2016 06:05,SCH - PJM_VFT,325658,290,315,-315
02/12/2016 06:05,SPR/DUN-SOUTH,23320,2488.76,4600,-9999
02/12/2016 06:05,TOTAL EAST,23314,3836.38,6500,-9999
02/12/2016 06:05,UPNY CONED,23315,2197.78,5100,-9999
02/12/2016 06:05,WEST CENTRAL,23312,1237.48,9999,-9999
02/12/2016 06:10,CENTRAL EAST - VC,23330,2214.58,2615,-9999
02/12/2016 06:10,DYSINGER EAST,23326,1990.03,3150,-9999
02/12/2016 06:10,MOSES SOUTH,23319,811.85,3000,-1600
02/12/2016 06:10,SCH - HQ - NY,23324,678,1178,-1000
02/12/2016 06:10,SCH - HQ_CEDARS,325274,0,199,-100
02/12/2016 06:10,SCH - HQ_IMPORT_EXPORT,325376,419,1310,-9999
02/12/2016 06:10,SCH - NE - NY,23318,-206.44,1400,-1600
02/12/2016 06:10,SCH - NPX_1385,325277,70,200,-200
02/12/2016 06:10,SCH - NPX_CSC,325154,215,330,-330
02/12/2016 06:10,SCH - OH - NY,23317,1302.21,1900,-1900
02/12/2016 06:10,SCH - PJ - NY,23316,639.64,2600,-1300
02/12/2016 06:10,SCH - PJM_HTP,325905,0,0,0
02/12/2016 06:10,SCH - PJM_NEPTUNE,325305,279,660,-660
02/12/2016 06:10,SCH - PJM_VFT,325658,290,315,-315
02/12/2016 06:10,SPR/DUN-SOUTH,23320,2597.08,4600,-9999
02/12/2016 06:10,TOTAL EAST,23314,3942.45,6500,-9999
02/12/2016 06:10,UPNY CONED,23315,2370.55,5100,-9999
02/12/2016 06:10,WEST CENTRAL,23312,1397.25,9999,-9999
02/12/2016 06:15,CENTRAL EAST - VC,23330,2193.6,2615,-9999
02/12/2016 06:15,DYSINGER EAST,23326,2026.78,3150,-9999
02/12/2016 06:15,MOSES SOUTH,23319,927.14,3000,-1600
02/12/2016 06:15,SCH - HQ - NY,23324,678,1178,-1000
02/12/2016 06:15,SCH - HQ_CEDARS,325274,0,199,-100
02/12/2016 06:15,SCH - HQ_IMPORT_EXPORT,325376,419,1310,-9999
02/12/2016 06:15,SCH - NE - NY,23318,-400.98,1400,-1600
02/12/2016 06:15,SCH - NPX_1385,325277,70,200,-200
02/12/2016 06:15,SCH - NPX_CSC,325154,215,330,-330
02/12/2016 06:15,SCH - OH - NY,23317,1302.25,1900,-1900
02/12/2016 06:15,SCH - PJ - NY,23316,584.28,2600,-1300
02/12/2016 06:15,SCH - PJM_HTP,325905,0,0,0
02/12/2016 06:15,SCH - PJM_NEPTUNE,325305,279,660,-660
02/12/2016 06:15,SCH - PJM_VFT,325658,290,315,-315
02/12/2016 06:15,SPR/DUN-SOUTH,23320,2356.85,4600,-9999
02/12/2016 06:15,TOTAL EAST,23314,3965.79,6500,-9999
02/12/2016 06:15,UPNY CONED,23315,2163.2,5100,-9999
02/12/2016 06:15,WEST CENTRAL,23312,1426.27,9999,-9999
02/12/2016 06:20,CENTRAL EAST - VC,23330,2325.74,2615,-9999
02/12/2016 06:20,DYSINGER EAST,23326,2091.72,3150,-9999
02/12/2016 06:20,MOSES SOUTH,23319,933,3000,-1600
02/12/2016 06:20,SCH - HQ - NY,23324,678,1178,-1000
02/12/2016 06:20,SCH - HQ_CEDARS,325274,0,199,-100
02/12/2016 06:20,SCH - HQ_IMPORT_EXPORT,325376,419,1310,-9999
02/12/2016 06:20,SCH - NE - NY,23318,-404.41,1400,-1600
02/12/2016 06:20,SCH - NPX_1385,325277,70,200,-200
02/12/2016 06:20,SCH - NPX_CSC,325154,215,330,-330
02/12/2016 06:20,SCH - OH - NY,23317,1301.78,1900,-1900
02/12/2016 06:20,SCH - PJ - NY,23316,531.85,2600,-1300
02/12/2016 06:20,SCH - PJM_HTP,325905,0,0,0
02/12/2016 06:20,SCH - PJM_NEPTUNE,325305,279,660,-660
02/12/2016 06:20,SCH - PJM_VFT,325658,290,315,-315
02/12/2016 06:20,SPR/DUN-SOUTH,23320,2540.6,4600,-9999
02/12/2016 06:20,TOTAL EAST,23314,3921.97,6500,-9999
02/12/2016 06:20,UPNY CONED,23315,2313.45,5100,-9999
02/12/2016 06:20,WEST CENTRAL,23312,1479.66,9999,-9999
02/12/2016 06:25,CENTRAL EAST - VC,23330,2361.95,2615,-9999
02/12/2016 06:25,DYSINGER EAST,23326,2046.98,3150,-9999
02/12/2016 06:25,MOSES SOUTH,23319,928.46,3000,-1600
02/12/2016 06:25,SCH - HQ - NY,23324,678,1178,-1000
02/12/2016 06:25,SCH - HQ_CEDARS,325274,0,199,-100
02/12/2016 06:25,SCH - HQ_IMPORT_EXPORT,325376,419,1310,-9999
02/12/2016 06:25,SCH - NE - NY,23318,-403.5,1400,-1600
02/12/2016 06:25,SCH - NPX_1385,325277,70,200,-200
02/12/2016 06:25,SCH - NPX_CSC,325154,215,330,-330
02/12/2016 06:25,SCH - OH - NY,23317,1301.31,1900,-1900
02/12/2016 06:25,SCH - PJ - NY,23316,530.43,2600,-1300
02/12/2016 06:25,SCH - PJM_HTP,325905,0,0,0
02/12/2016 06:25,SCH - PJM_NEPTUNE,325305,279,660,-660
02/12/2016 06:25,SCH - PJM_VFT,325658,290,315,-315
02/12/2016 06:25,SPR/DUN-SOUTH,23320,2538.87,4600,-9999
02/12/2016 06:25,TOTAL EAST,23314,3879.86,6500,-9999
02/12/2016 06:25,UPNY CONED,23315,2371.17,5100,-9999
02/12/2016 06:25,WEST CENTRAL,23312,1423.4,9999,-9999
02/12/2016 06:30,CENTRAL EAST - VC,23330,2296.51,2615,-9999
02/12/2016 06:30,DYSINGER EAST,23326,2059.26,3150,-9999
02/12/2016 06:30,MOSES SOUTH,23319,980.91,3000,-1600
02/12/2016 06:30,SCH - HQ - NY,23324,678,1178,-1000
02/12/2016 06:30,SCH - HQ_CEDARS,325274,0,199,-100
02/12/2016 06:30,SCH - HQ_IMPORT_EXPORT,325376,419,1310,-9999
02/12/2016 06:30,SCH - NE - NY,23318,-482.04,1400,-1600
02/12/2016 06:30,SCH - NPX_1385,325277,70,200,-200
02/12/2016 06:30,SCH - NPX_CSC,325154,215,330,-330
02/12/2016 06:30,SCH - OH - NY,23317,1301.45,1900,-1900
02/12/2016 06:30,SCH - PJ - NY,23316,533.89,2600,-1300
02/12/2016 06:30,SCH - PJM_HTP,325905,0,0,0
02/12/2016 06:30,SCH - PJM_NEPTUNE,325305,279,660,-660
02/12/2016 06:30,SCH - PJM_VFT,325658,290,315,-315
02/12/2016 06:30,SPR/DUN-SOUTH,23320,2385.58,4600,-9999
02/12/2016 06:30,TOTAL EAST,23314,4010.54,6500,-9999
02/12/2016 06:30,UPNY CONED,23315,2230.26,5100,-9999
02/12/2016 06:30,WEST CENTRAL,23312,1433.69,9999,-9999
02/12/2016 06:35,CENTRAL EAST - VC,23330,2412.64,2615,-9999
02/12/2016 06:35,DYSINGER EAST,23326,2145.39,3150,-9999
02/12/2016 06:35,MOSES SOUTH,23319,993.35,3000,-1600
02/12/2016 06:35,SCH - HQ - NY,23324,678,1178,-1000
02/12/2016 06:35,SCH - HQ_CEDARS,325274,0,199,-100
02/12/2016 06:35,SCH - HQ_IMPORT_EXPORT,325376,419,1310,-9999
02/12/2016 06:35,SCH - NE - NY,23318,-558.46,1400,-1600
02/12/2016 06:35,SCH - NPX_1385,325277,70,200,-200
02/12/2016 06:35,SCH - NPX_CSC,325154,215,330,-330
02/12/2016 06:35,SCH - OH - NY,23317,1301.34,1900,-1900
02/12/2016 06:35,SCH - PJ - NY,23316,535.84,2600,-1300
02/12/2016 06:35,SCH - PJM_HTP,325905,0,0,0
02/12/2016 06:35,SCH - PJM_NEPTUNE,325305,279,660,-660
02/12/2016 06:35,SCH - PJM_VFT,325658,290,315,-315
02/12/2016 06:35,SPR/DUN-SOUTH,23320,2449.09,4600,-9999
02/12/2016 06:35,TOTAL EAST,23314,4028.78,6500,-9999
02/12/2016 06:35,UPNY CONED,23315,2284.11,5100,-9999
02/12/2016 06:35,WEST CENTRAL,23312,1503.82,9999,-9999
02/12/2016 06:40,CENTRAL EAST - VC,23330,2437.72,2635,-9999
02/12/2016 06:40,DYSINGER EAST,23326,2158.8,3150,-9999
02/12/2016 06:40,MOSES SOUTH,23319,1017.89,3000,-1600
02/12/2016 06:40,SCH - HQ - NY,23324,678,1178,-1000
02/12/2016 06:40,SCH - HQ_CEDARS,325274,0,199,-100
02/12/2016 06:40,SCH - HQ_IMPORT_EXPORT,325376,419,1310,-9999
02/12/2016 06:40,SCH - NE - NY,23318,-558.25,1400,-1600
02/12/2016 06:40,SCH - NPX_1385,325277,70,200,-200
02/12/2016 06:40,SCH - NPX_CSC,325154,215,330,-330
02/12/2016 06:40,SCH - OH - NY,23317,1301.48,1900,-1900
02/12/2016 06:40,SCH - PJ - NY,23316,531.06,2600,-1300
02/12/2016 06:40,SCH - PJM_HTP,325905,0,0,0
02/12/2016 06:40,SCH - PJM_NEPTUNE,325305,279,660,-660
02/12/2016 06:40,SCH - PJM_VFT,325658,290,315,-315
02/12/2016 06:40,SPR/DUN-SOUTH,23320,2478.85,4600,-9999
02/12/2016 06:40,TOTAL EAST,23314,4076.09,6500,-9999
02/12/2016 06:40,UPNY CONED,23315,2322.57,5100,-9999
02/12/2016 06:40,WEST CENTRAL,23312,1503.28,9999,-9999
02/12/2016 06:45,CENTRAL EAST - VC,23330,2345.93,2665,-9999
02/12/2016 06:45,DYSINGER EAST,23326,2095.68,3150,-9999
02/12/2016 06:45,MOSES SOUTH,23319,966.06,3000,-1600
02/12/2016 06:45,SCH - HQ - NY,23324,678,1178,-1000
02/12/2016 06:45,SCH - HQ_CEDARS,325274,0,199,-100
02/12/2016 06:45,SCH - HQ_IMPORT_EXPORT,325376,419,1310,-9999
02/12/2016 06:45,SCH - NE - NY,23318,-576.29,1400,-1600
02/12/2016 06:45,SCH - NPX_1385,325277,70,200,-200
02/12/2016 06:45,SCH - NPX_CSC,325154,215,330,-330
02/12/2016 06:45,SCH - OH - NY,23317,1301.12,1900,-1900
02/12/2016 06:45,SCH - PJ - NY,23316,531.62,2600,-1300
02/12/2016 06:45,SCH - PJM_HTP,325905,0,0,0
02/12/2016 06:45,SCH - PJM_NEPTUNE,325305,279,660,-660
02/12/2016 06:45,SCH - PJM_VFT,325658,290,315,-315
02/12/2016 06:45,SPR/DUN-SOUTH,23320,2366.07,4600,-9999
02/12/2016 06:45,TOTAL EAST,23314,4019.39,6500,-9999
02/12/2016 06:45,UPNY CONED,23315,2206.92,5100,-9999
02/12/2016 06:45,WEST CENTRAL,23312,1435.28,9999,-9999
02/12/2016 06:50,CENTRAL EAST - VC,23330,2303.79,2665,-9999
02/12/2016 06:50,DYSINGER EAST,23326,2100.3,3150,-9999
02/12/2016 06:50,MOSES SOUTH,23319,944.1,3000,-1600
02/12/2016 06:50,SCH - HQ - NY,23324,678,1178,-1000
02/12/2016 06:50,SCH - HQ_CEDARS,325274,0,199,-100
02/12/2016 06:50,SCH - HQ_IMPORT_EXPORT,325376,419,1310,-9999
02/12/2016 06:50,SCH - NE - NY,23318,-594.77,1400,-1600
02/12/2016 06:50,SCH - NPX_1385,325277,70,200,-200
02/12/2016 06:50,SCH - NPX_CSC,325154,215,330,-330
02/12/2016 06:50,SCH - OH - NY,23317,1301.09,1900,-1900
02/12/2016 06:50,SCH - PJ - NY,23316,530.75,2600,-1300
02/12/2016 06:50,SCH - PJM_HTP,325905,0,0,0
02/12/2016 06:50,SCH - PJM_NEPTUNE,325305,279,660,-660
02/12/2016 06:50,SCH - PJM_VFT,325658,290,315,-315
02/12/2016 06:50,SPR/DUN-SOUTH,23320,2341.41,4600,-9999
02/12/2016 06:50,TOTAL EAST,23314,4058.66,6500,-9999
02/12/2016 06:50,UPNY CONED,23315,2178.47,5100,-9999
02/12/2016 06:50,WEST CENTRAL,23312,1429.53,9999,-9999
02/12/2016 06:55,CENTRAL EAST - VC,23330,2309.35,2665,-9999
02/12/2016 06:55,DYSINGER EAST,23326,2074,3150,-9999
02/12/2016 06:55,MOSES SOUTH,23319,932.96,3000,-1600
02/12/2016 06:55,SCH - HQ - NY,23324,678,1178,-1000
02/12/2016 06:55,SCH - HQ_CEDARS,325274,0,199,-100
02/12/2016 06:55,SCH - HQ_IMPORT_EXPORT,325376,419,1310,-9999
02/12/2016 06:55,SCH - NE - NY,23318,-594.43,1400,-1600
02/12/2016 06:55,SCH - NPX_1385,325277,70,200,-200
02/12/2016 06:55,SCH - NPX_CSC,325154,215,330,-330
02/12/2016 06:55,SCH - OH - NY,23317,1301.15,1900,-1900
02/12/2016 06:55,SCH - PJ - NY,23316,532.85,2600,-1300
02/12/2016 06:55,SCH - PJM_HTP,325905,0,0,0
02/12/2016 06:55,SCH - PJM_NEPTUNE,325305,279,660,-660
02/12/2016 06:55,SCH - PJM_VFT,325658,290,315,-315
02/12/2016 06:55,SPR/DUN-SOUTH,23320,2398.85,4600,-9999
02/12/2016 06:55,TOTAL EAST,23314,3977.08,6500,-9999
02/12/2016 06:55,UPNY CONED,23315,2199.86,5100,-9999
02/12/2016 06:55,WEST CENTRAL,23312,1394.83,9999,-9999
02/12/2016 07:00,CENTRAL EAST - VC,23330,2242.89,2665,-9999
02/12/2016 07:00,DYSINGER EAST,23326,2162.98,3150,-9999
02/12/2016 07:00,MOSES SOUTH,23319,842,3000,-1600
02/12/2016 07:00,SCH - HQ - NY,23324,525,1178,-1000
02/12/2016 07:00,SCH - HQ_CEDARS,325274,0,199,-100
02/12/2016 07:00,SCH - HQ_IMPORT_EXPORT,325376,266,1310,-9999
02/12/2016 07:00,SCH - NE - NY,23318,-557.9,1400,-1600
02/12/2016 07:00,SCH - NPX_1385,325277,47,200,-200
02/12/2016 07:00,SCH - NPX_CSC,325154,215,330,-330
02/12/2016 07:00,SCH - OH - NY,23317,1337.13,1900,-1900
02/12/2016 07:00,SCH - PJ - NY,23316,336.19,2600,-1300
02/12/2016 07:00,SCH - PJM_HTP,325905,0,0,0
02/12/2016 07:00,SCH - PJM_NEPTUNE,325305,381,660,-660
02/12/2016 07:00,SCH - PJM_VFT,325658,290,315,-315
02/12/2016 07:00,SPR/DUN-SOUTH,23320,2476.31,4600,-9999
02/12/2016 07:00,TOTAL EAST,23314,3832.42,6500,-9999
02/12/2016 07:00,UPNY CONED,23315,2209.38,5100,-9999
02/12/2016 07:00,WEST CENTRAL,23312,1475.63,9999,-9999
02/12/2016 07:05,CENTRAL EAST - VC,23330,2064.82,2665,-9999
02/12/2016 07:05,DYSINGER EAST,23326,2089.24,3150,-9999
02/12/2016 07:05,MOSES SOUTH,23319,667.95,3000,-1600
02/12/2016 07:05,SCH - HQ - NY,23324,372,1178,-1000
02/12/2016 07:05,SCH - HQ_CEDARS,325274,0,199,-100
02/12/2016 07:05,SCH - HQ_IMPORT_EXPORT,325376,113,1310,-9999
02/12/2016 07:05,SCH - NE - NY,23318,-521.24,1400,-1600
02/12/2016 07:05,SCH - NPX_1385,325277,24,200,-200
02/12/2016 07:05,SCH - NPX_CSC,325154,215,330,-330
02/12/2016 07:05,SCH - OH - NY,23317,1373.67,1900,-1900
02/12/2016 07:05,SCH - PJ - NY,23316,143.36,2600,-1300
02/12/2016 07:05,SCH - PJM_HTP,325905,0,0,0
02/12/2016 07:05,SCH - PJM_NEPTUNE,325305,483,660,-660
02/12/2016 07:05,SCH - PJM_VFT,325658,290,315,-315
02/12/2016 07:05,SPR/DUN-SOUTH,23320,2388.64,4600,-9999
02/12/2016 07:05,TOTAL EAST,23314,3578.77,6500,-9999
02/12/2016 07:05,UPNY CONED,23315,2017.3,5100,-9999
02/12/2016 07:05,WEST CENTRAL,23312,1399.6,9999,-9999
02/12/2016 07:10,CENTRAL EAST - VC,23330,2008.85,2665,-9999
02/12/2016 07:10,DYSINGER EAST,23326,2084.01,3150,-9999
02/12/2016 07:10,MOSES SOUTH,23319,694.68,3000,-1600
02/12/2016 07:10,SCH - HQ - NY,23324,372,1178,-1000
02/12/2016 07:10,SCH - HQ_CEDARS,325274,0,199,-100
02/12/2016 07:10,SCH - HQ_IMPORT_EXPORT,325376,113,1310,-9999
02/12/2016 07:10,SCH - NE - NY,23318,-521.39,1400,-1600
02/12/2016 07:10,SCH - NPX_1385,325277,25,200,-200
02/12/2016 07:10,SCH - NPX_CSC,325154,215,330,-330
02/12/2016 07:10,SCH - OH - NY,23317,1374,1900,-1900
02/12/2016 07:10,SCH - PJ - NY,23316,141.48,2600,-1300
02/12/2016 07:10,SCH - PJM_HTP,325905,0,0,0
02/12/2016 07:10,SCH - PJM_NEPTUNE,325305,483,660,-660
02/12/2016 07:10,SCH - PJM_VFT,325658,290,315,-315
02/12/2016 07:10,SPR/DUN-SOUTH,23320,2502.58,4600,-9999
02/12/2016 07:10,TOTAL EAST,23314,3568.7,6500,-9999
02/12/2016 07:10,UPNY CONED,23315,2103.59,5100,-9999
02/12/2016 07:10,WEST CENTRAL,23312,1394.68,9999,-9999
02/12/2016 07:15,CENTRAL EAST - VC,23330,2112.35,2665,-9999
02/12/2016 07:15,DYSINGER EAST,23326,2000.58,3150,-9999
02/12/2016 07:15,MOSES SOUTH,23319,712.09,3000,-1600
02/12/2016 07:15,SCH - HQ - NY,23324,372,1178,-1000
02/12/2016 07:15,SCH - HQ_CEDARS,325274,0,199,-100
02/12/2016 07:15,SCH - HQ_IMPORT_EXPORT,325376,113,1310,-9999
02/12/2016 07:15,SCH - NE - NY,23318,-620.28,1400,-1600
02/12/2016 07:15,SCH - NPX_1385,325277,25,200,-200
02/12/2016 07:15,SCH - NPX_CSC,325154,215,330,-330
02/12/2016 07:15,SCH - OH - NY,23317,1373.08,1900,-1900
02/12/2016 07:15,SCH - PJ - NY,23316,156.63,2600,-1300
02/12/2016 07:15,SCH - PJM_HTP,325905,0,0,0
02/12/2016 07:15,SCH - PJM_NEPTUNE,325305,483,660,-660
02/12/2016 07:15,SCH - PJM_VFT,325658,290,315,-315
02/12/2016 07:15,SPR/DUN-SOUTH,23320,2670.1,4600,-9999
02/12/2016 07:15,TOTAL EAST,23314,3601.72,6500,-9999
02/12/2016 07:15,UPNY CONED,23315,2315.17,5100,-9999
02/12/2016 07:15,WEST CENTRAL,23312,1320.57,9999,-9999
02/12/2016 07:20,CENTRAL EAST - VC,23330,2107.78,2665,-9999
02/12/2016 07:20,DYSINGER EAST,23326,1986.07,3150,-9999
02/12/2016 07:20,MOSES SOUTH,23319,708.41,3000,-1600
02/12/2016 07:20,SCH - HQ - NY,23324,372,1178,-1000
02/12/2016 07:20,SCH - HQ_CEDARS,325274,0,199,-100
02/12/2016 07:20,SCH - HQ_IMPORT_EXPORT,325376,113,1310,-9999
02/12/2016 07:20,SCH - NE - NY,23318,-719.92,1400,-1600
02/12/2016 07:20,SCH - NPX_1385,325277,25,200,-200
02/12/2016 07:20,SCH - NPX_CSC,325154,215,330,-330
02/12/2016 07:20,SCH - OH - NY,23317,1373,1900,-1900
02/12/2016 07:20,SCH - PJ - NY,23316,170.65,2600,-1300
02/12/2016 07:20,SCH - PJM_HTP,325905,0,0,0
02/12/2016 07:20,SCH - PJM_NEPTUNE,325305,483,660,-660
02/12/2016 07:20,SCH - PJM_VFT,325658,290,315,-315
02/12/2016 07:20,SPR/DUN-SOUTH,23320,2660.09,4600,-9999
02/12/2016 07:20,TOTAL EAST,23314,3657.01,6500,-9999
02/12/2016 07:20,UPNY CONED,23315,2279.74,5100,-9999
02/12/2016 07:20,WEST CENTRAL,23312,1302.91,9999,-9999
02/12/2016 07:25,CENTRAL EAST - VC,23330,2098.11,2665,-9999
02/12/2016 07:25,DYSINGER EAST,23326,1968.62,3150,-9999
02/12/2016 07:25,MOSES SOUTH,23319,689.79,3000,-1600
02/12/2016 07:25,SCH - HQ - NY,23324,372,1178,-1000
02/12/2016 07:25,SCH - HQ_CEDARS,325274,0,199,-100
02/12/2016 07:25,SCH - HQ_IMPORT_EXPORT,325376,113,1310,-9999
02/12/2016 07:25,SCH - NE - NY,23318,-720.1,1400,-1600
02/12/2016 07:25,SCH - NPX_1385,325277,25,200,-200
02/12/2016 07:25,SCH - NPX_CSC,325154,215,330,-330
02/12/2016 07:25,SCH - OH - NY,23317,1372.98,1900,-1900
02/12/2016 07:25,SCH - PJ - NY,23316,170.85,2600,-1300
02/12/2016 07:25,SCH - PJM_HTP,325905,0,0,0
02/12/2016 07:25,SCH - PJM_NEPTUNE,325305,483,660,-660
02/12/2016 07:25,SCH - PJM_VFT,325658,290,315,-315
02/12/2016 07:25,SPR/DUN-SOUTH,23320,2669.04,4600,-9999
02/12/2016 07:25,TOTAL EAST,23314,3673.01,6500,-9999
02/12/2016 07:25,UPNY CONED,23315,2314.45,5100,-9999
02/12/2016 07:25,WEST CENTRAL,23312,1283.23,9999,-9999
02/12/2016 07:30,CENTRAL EAST - VC,23330,2059.42,2665,-9999
02/12/2016 07:30,DYSINGER EAST,23326,1974.02,3150,-9999
02/12/2016 07:30,MOSES SOUTH,23319,669.11,3000,-1600
02/12/2016 07:30,SCH - HQ - NY,23324,372,1178,-1000
02/12/2016 07:30,SCH - HQ_CEDARS,325274,0,199,-100
02/12/2016 07:30,SCH - HQ_IMPORT_EXPORT,325376,113,1310,-9999
02/12/2016 07:30,SCH - NE - NY,23318,-783.09,1400,-1600
02/12/2016 07:30,SCH - NPX_1385,325277,25,200,-200
02/12/2016 07:30,SCH - NPX_CSC,325154,215,330,-330
02/12/2016 07:30,SCH - OH - NY,23317,1373.08,1900,-1900
02/12/2016 07:30,SCH - PJ - NY,23316,93.63,2600,-1300
02/12/2016 07:30,SCH - PJM_HTP,325905,0,0,0
02/12/2016 07:30,SCH - PJM_NEPTUNE,325305,483,660,-660
02/12/2016 07:30,SCH - PJM_VFT,325658,290,315,-315
02/12/2016 07:30,SPR/DUN-SOUTH,23320,2584.66,4600,-9999
02/12/2016 07:30,TOTAL EAST,23314,3593.2,6500,-9999
02/12/2016 07:30,UPNY CONED,23315,2212.76,5100,-9999
02/12/2016 07:30,WEST CENTRAL,23312,1292.66,9999,-9999
02/12/2016 07:35,CENTRAL EAST - VC,23330,2099.79,2665,-9999
02/12/2016 07:35,DYSINGER EAST,23326,2021.59,3150,-9999
02/12/2016 07:35,MOSES SOUTH,23319,710.7,3000,-1600
02/12/2016 07:35,SCH - HQ - NY,23324,372,1178,-1000
02/12/2016 07:35,SCH - HQ_CEDARS,325274,0,199,-100
02/12/2016 07:35,SCH - HQ_IMPORT_EXPORT,325376,113,1310,-9999
02/12/2016 07:35,SCH - NE - NY,23318,-845.63,1400,-1600
02/12/2016 07:35,SCH - NPX_1385,325277,25,200,-200
02/12/2016 07:35,SCH - NPX_CSC,325154,215,330,-330
02/12/2016 07:35,SCH - OH - NY,23317,1373.32,1900,-1900
02/12/2016 07:35,SCH - PJ - NY,23316,16.25,2600,-1300
02/12/2016 07:35,SCH - PJM_HTP,325905,0,0,0
02/12/2016 07:35,SCH - PJM_NEPTUNE,325305,483,660,-660
02/12/2016 07:35,SCH - PJM_VFT,325658,290,315,-315
02/12/2016 07:35,SPR/DUN-SOUTH,23320,2572.47,4600,-9999
02/12/2016 07:35,TOTAL EAST,23314,3527.91,6500,-9999
02/12/2016 07:35,UPNY CONED,23315,2141.04,5100,-9999
02/12/2016 07:35,WEST CENTRAL,23312,1341.54,9999,-9999
02/12/2016 07:40,CENTRAL EAST - VC,23330,2157.87,2665,-9999
02/12/2016 07:40,DYSINGER EAST,23326,2126.59,3150,-9999
02/12/2016 07:40,MOSES SOUTH,23319,728.36,3000,-1600
02/12/2016 07:40,SCH - HQ - NY,23324,372,1178,-1000
02/12/2016 07:40,SCH - HQ_CEDARS,325274,0,199,-100
02/12/2016 07:40,SCH - HQ_IMPORT_EXPORT,325376,113,1310,-9999
02/12/2016 07:40,SCH - NE - NY,23318,-845.43,1400,-1600
02/12/2016 07:40,SCH - NPX_1385,325277,25,200,-200
02/12/2016 07:40,SCH - NPX_CSC,325154,215,330,-330
02/12/2016 07:40,SCH - OH - NY,23317,1374,1900,-1900
02/12/2016 07:40,SCH - PJ - NY,23316,16,2600,-1300
02/12/2016 07:40,SCH - PJM_HTP,325905,0,0,0
02/12/2016 07:40,SCH - PJM_NEPTUNE,325305,483,660,-660
02/12/2016 07:40,SCH - PJM_VFT,325658,290,315,-315
02/12/2016 07:40,SPR/DUN-SOUTH,23320,2595.48,4600,-9999
02/12/2016 07:40,TOTAL EAST,23314,3496.77,6500,-9999
02/12/2016 07:40,UPNY CONED,23315,2162.66,5100,-9999
02/12/2016 07:40,WEST CENTRAL,23312,1444.18,9999,-9999
02/12/2016 07:45,CENTRAL EAST - VC,23330,2220.77,2665,-9999
02/12/2016 07:45,DYSINGER EAST,23326,2206.66,3150,-9999
02/12/2016 07:45,MOSES SOUTH,23319,737.01,3000,-1600
02/12/2016 07:45,SCH - HQ - NY,23324,372,1178,-1000
02/12/2016 07:45,SCH - HQ_CEDARS,325274,0,199,-100
02/12/2016 07:45,SCH - HQ_IMPORT_EXPORT,325376,113,1310,-9999
02/12/2016 07:45,SCH - NE - NY,23318,-862.76,1400,-1600
02/12/2016 07:45,SCH - NPX_1385,325277,25,200,-200
02/12/2016 07:45,SCH - NPX_CSC,325154,215,330,-330
02/12/2016 07:45,SCH - OH - NY,23317,1373.96,1900,-1900
02/12/2016 07:45,SCH - PJ - NY,23316,38.11,2600,-1300
02/12/2016 07:45,SCH - PJM_HTP,325905,0,0,0
02/12/2016 07:45,SCH - PJM_NEPTUNE,325305,483,660,-660
02/12/2016 07:45,SCH - PJM_VFT,325658,290,315,-315
02/12/2016 07:45,SPR/DUN-SOUTH,23320,2586.64,4600,-9999
02/12/2016 07:45,TOTAL EAST,23314,3620.27,6500,-9999
02/12/2016 07:45,UPNY CONED,23315,2196.35,5100,-9999
02/12/2016 07:45,WEST CENTRAL,23312,1524.6,9999,-9999
02/12/2016 07:50,CENTRAL EAST - VC,23330,2239.84,2665,-9999
02/12/2016 07:50,DYSINGER EAST,23326,2223.26,3150,-9999
02/12/2016 07:50,MOSES SOUTH,23319,755.2,3000,-1600
02/12/2016 07:50,SCH - HQ - NY,23324,372,1178,-1000
02/12/2016 07:50,SCH - HQ_CEDARS,325274,0,199,-100
02/12/2016 07:50,SCH - HQ_IMPORT_EXPORT,325376,113,1310,-9999
02/12/2016 07:50,SCH - NE - NY,23318,-879.69,1400,-1600
02/12/2016 07:50,SCH - NPX_1385,325277,25,200,-200
02/12/2016 07:50,SCH - NPX_CSC,325154,215,330,-330
02/12/2016 07:50,SCH - OH - NY,23317,1373.97,1900,-1900
02/12/2016 07:50,SCH - PJ - NY,23316,57.54,2600,-1300
02/12/2016 07:50,SCH - PJM_HTP,325905,0,0,0
02/12/2016 07:50,SCH - PJM_NEPTUNE,325305,483,660,-660
02/12/2016 07:50,SCH - PJM_VFT,325658,290,315,-315
02/12/2016 07:50,SPR/DUN-SOUTH,23320,2573.22,4600,-9999
02/12/2016 07:50,TOTAL EAST,23314,3603.88,6500,-9999
02/12/2016 07:50,UPNY CONED,23315,2156.88,5100,-9999
02/12/2016 07:50,WEST CENTRAL,23312,1542.83,9999,-9999
02/12/2016 07:55,CENTRAL EAST - VC,23330,2113.61,2665,-9999
02/12/2016 07:55,DYSINGER EAST,23326,1982.98,3150,-9999
02/12/2016 07:55,MOSES SOUTH,23319,728.1,3000,-1600
02/12/2016 07:55,SCH - HQ - NY,23324,372,1178,-1000
02/12/2016 07:55,SCH - HQ_CEDARS,325274,0,199,-100
02/12/2016 07:55,SCH - HQ_IMPORT_EXPORT,325376,113,1310,-9999
02/12/2016 07:55,SCH - NE - NY,23318,-880,1400,-1600
02/12/2016 07:55,SCH - NPX_1385,325277,25,200,-200
02/12/2016 07:55,SCH - NPX_CSC,325154,215,330,-330
02/12/2016 07:55,SCH - OH - NY,23317,1373.49,1900,-1900
02/12/2016 07:55,SCH - PJ - NY,23316,59.53,2600,-1300
02/12/2016 07:55,SCH - PJM_HTP,325905,0,0,0
02/12/2016 07:55,SCH - PJM_NEPTUNE,325305,483,660,-660
02/12/2016 07:55,SCH - PJM_VFT,325658,290,315,-315
02/12/2016 07:55,SPR/DUN-SOUTH,23320,2306.61,4600,-9999
02/12/2016 07:55,TOTAL EAST,23314,3471.9,6500,-9999
02/12/2016 07:55,UPNY CONED,23315,1907.84,5100,-9999
02/12/2016 07:55,WEST CENTRAL,23312,1315.74,9999,-9999
02/12/2016 08:00,CENTRAL EAST - VC,23330,2259.31,2665,-9999
02/12/2016 08:00,DYSINGER EAST,23326,1911.67,3150,-9999
02/12/2016 08:00,MOSES SOUTH,23319,1078.33,3000,-1600
02/12/2016 08:00,SCH - HQ - NY,23324,722,1178,-1000
02/12/2016 08:00,SCH - HQ_CEDARS,325274,0,199,-100
02/12/2016 08:00,SCH - HQ_IMPORT_EXPORT,325376,463,1310,-9999
02/12/2016 08:00,SCH - NE - NY,23318,-979.6,1400,-1600
02/12/2016 08:00,SCH - NPX_1385,325277,30,200,-200
02/12/2016 08:00,SCH - NPX_CSC,325154,215,330,-330
02/12/2016 08:00,SCH - OH - NY,23317,1409.65,1900,-1900
02/12/2016 08:00,SCH - PJ - NY,23316,98.07,2600,-1300
02/12/2016 08:00,SCH - PJM_HTP,325905,0,0,0
02/12/2016 08:00,SCH - PJM_NEPTUNE,325305,461,660,-660
02/12/2016 08:00,SCH - PJM_VFT,325658,302,315,-315
02/12/2016 08:00,SPR/DUN-SOUTH,23320,2319.37,4600,-9999
02/12/2016 08:00,TOTAL EAST,23314,3702.08,6500,-9999
02/12/2016 08:00,UPNY CONED,23315,1926.08,5100,-9999
02/12/2016 08:00,WEST CENTRAL,23312,1249.85,9999,-9999
02/12/2016 08:05,CENTRAL EAST - VC,23330,2411.82,2665,-9999
02/12/2016 08:05,DYSINGER EAST,23326,1845.26,3150,-9999
02/12/2016 08:05,MOSES SOUTH,23319,1413.49,3000,-1600
02/12/2016 08:05,SCH - HQ - NY,23324,1072,1178,-1000
02/12/2016 08:05,SCH - HQ_CEDARS,325274,0,199,-100
02/12/2016 08:05,SCH - HQ_IMPORT_EXPORT,325376,813,1310,-9999
02/12/2016 08:05,SCH - NE - NY,23318,-1078.89,1400,-1600
02/12/2016 08:05,SCH - NPX_1385,325277,35,200,-200
02/12/2016 08:05,SCH - NPX_CSC,325154,215,330,-330
02/12/2016 08:05,SCH - OH - NY,23317,1446.34,1900,-1900
02/12/2016 08:05,SCH - PJ - NY,23316,136.87,2600,-1300
02/12/2016 08:05,SCH - PJM_HTP,325905,0,0,0
02/12/2016 08:05,SCH - PJM_NEPTUNE,325305,439,660,-660
02/12/2016 08:05,SCH - PJM_VFT,325658,315,315,-315
02/12/2016 08:05,SPR/DUN-SOUTH,23320,2356.56,4600,-9999
02/12/2016 08:05,TOTAL EAST,23314,3870.07,6500,-9999
02/12/2016 08:05,UPNY CONED,23315,1965.71,5100,-9999
02/12/2016 08:05,WEST CENTRAL,23312,1170.38,9999,-9999
02/12/2016 08:10,CENTRAL EAST - VC,23330,2467.44,2665,-9999
02/12/2016 08:10,DYSINGER EAST,23326,1979.87,3150,-9999
02/12/2016 08:10,MOSES SOUTH,23319,1404.08,3000,-1600
02/12/2016 08:10,SCH - HQ - NY,23324,1072,1178,-1000
02/12/2016 08:10,SCH - HQ_CEDARS,325274,0,199,-100
02/12/2016 08:10,SCH - HQ_IMPORT_EXPORT,325376,813,1310,-9999
02/12/2016 08:10,SCH - NE - NY,23318,-1078.92,1400,-1600
02/12/2016 08:10,SCH - NPX_1385,325277,35,200,-200
02/12/2016 08:10,SCH - NPX_CSC,325154,215,330,-330
02/12/2016 08:10,SCH - OH - NY,23317,1446.76,1900,-1900
02/12/2016 08:10,SCH - PJ - NY,23316,134.79,2600,-1300
02/12/2016 08:10,SCH - PJM_HTP,325905,0,0,0
02/12/2016 08:10,SCH - PJM_NEPTUNE,325305,439,660,-660
02/12/2016 08:10,SCH - PJM_VFT,325658,315,315,-315
02/12/2016 08:10,SPR/DUN-SOUTH,23320,2400.98,4600,-9999
02/12/2016 08:10,TOTAL EAST,23314,3867.29,6500,-9999
02/12/2016 08:10,UPNY CONED,23315,1973.14,5100,-9999
02/12/2016 08:10,WEST CENTRAL,23312,1285.64,9999,-9999
02/12/2016 08:15,CENTRAL EAST - VC,23330,2460.43,2665,-9999
02/12/2016 08:15,DYSINGER EAST,23326,1998.62,3150,-9999
02/12/2016 08:15,MOSES SOUTH,23319,1355.91,3000,-1600
02/12/2016 08:15,SCH - HQ - NY,23324,1072,1178,-1000
02/12/2016 08:15,SCH - HQ_CEDARS,325274,0,199,-100
02/12/2016 08:15,SCH - HQ_IMPORT_EXPORT,325376,813,1310,-9999
02/12/2016 08:15,SCH - NE - NY,23318,-1168.28,1400,-1600
02/12/2016 08:15,SCH - NPX_1385,325277,35,200,-200
02/12/2016 08:15,SCH - NPX_CSC,325154,215,330,-330
02/12/2016 08:15,SCH - OH - NY,23317,1447.2,1900,-1900
02/12/2016 08:15,SCH - PJ - NY,23316,175.8,2600,-1300
02/12/2016 08:15,SCH - PJM_HTP,325905,0,0,0
02/12/2016 08:15,SCH - PJM_NEPTUNE,325305,439,660,-660
02/12/2016 08:15,SCH - PJM_VFT,325658,315,315,-315
02/12/2016 08:15,SPR/DUN-SOUTH,23320,2265.21,4600,-9999
02/12/2016 08:15,TOTAL EAST,23314,4031.25,6500,-9999
02/12/2016 08:15,UPNY CONED,23315,1891.47,5100,-9999
02/12/2016 08:15,WEST CENTRAL,23312,1297.5,9999,-9999
02/12/2016 08:20,CENTRAL EAST - VC,23330,2563.95,2665,-9999
02/12/2016 08:20,DYSINGER EAST,23326,2132.52,3150,-9999
02/12/2016 08:20,MOSES SOUTH,23319,1224.52,3000,-1600
02/12/2016 08:20,SCH - HQ - NY,23324,1073,1178,-1000
02/12/2016 08:20,SCH - HQ_CEDARS,325274,0,199,-100
02/12/2016 08:20,SCH - HQ_IMPORT_EXPORT,325376,814,1310,-9999
02/12/2016 08:20,SCH - NE - NY,23318,-1258.29,1400,-1600
02/12/2016 08:20,SCH - NPX_1385,325277,35,200,-200
02/12/2016 08:20,SCH - NPX_CSC,325154,215,330,-330
02/12/2016 08:20,SCH - OH - NY,23317,1447.44,1900,-1900
02/12/2016 08:20,SCH - PJ - NY,23316,217.81,2600,-1300
02/12/2016 08:20,SCH - PJM_HTP,325905,0,0,0
02/12/2016 08:20,SCH - PJM_NEPTUNE,325305,439,660,-660
02/12/2016 08:20,SCH - PJM_VFT,325658,315,315,-315
02/12/2016 08:20,SPR/DUN-SOUTH,23320,2267.64,4600,-9999
02/12/2016 08:20,TOTAL EAST,23314,4043.75,6500,-9999
02/12/2016 08:20,UPNY CONED,23315,1905.95,5100,-9999
02/12/2016 08:20,WEST CENTRAL,23312,1429.44,9999,-9999
02/12/2016 08:25,CENTRAL EAST - VC,23330,2551.2,2665,-9999
02/12/2016 08:25,DYSINGER EAST,23326,2151.81,3150,-9999
02/12/2016 08:25,MOSES SOUTH,23319,1162.6,3000,-1600
02/12/2016 08:25,SCH - HQ - NY,23324,1073,1178,-1000
02/12/2016 08:25,SCH - HQ_CEDARS,325274,0,199,-100
02/12/2016 08:25,SCH - HQ_IMPORT_EXPORT,325376,814,1310,-9999
02/12/2016 08:25,SCH - NE - NY,23318,-1258.27,1400,-1600
02/12/2016 08:25,SCH - NPX_1385,325277,35,200,-200
02/12/2016 08:25,SCH - NPX_CSC,325154,215,330,-330
02/12/2016 08:25,SCH - OH - NY,23317,1447.26,1900,-1900
02/12/2016 08:25,SCH - PJ - NY,23316,214.44,2600,-1300
02/12/2016 08:25,SCH - PJM_HTP,325905,0,0,0
02/12/2016 08:25,SCH - PJM_NEPTUNE,325305,439,660,-660
02/12/2016 08:25,SCH - PJM_VFT,325658,315,315,-315
02/12/2016 08:25,SPR/DUN-SOUTH,23320,2182.78,4600,-9999
02/12/2016 08:25,TOTAL EAST,23314,3880.36,6500,-9999
02/12/2016 08:25,UPNY CONED,23315,1774.68,5100,-9999
02/12/2016 08:25,WEST CENTRAL,23312,1449.01,9999,-9999
02/12/2016 08:30,CENTRAL EAST - VC,23330,2463.33,2665,-9999
02/12/2016 08:30,DYSINGER EAST,23326,2117.61,3150,-9999
02/12/2016 08:30,MOSES SOUTH,23319,1223.09,3000,-1600
02/12/2016 08:30,SCH - HQ - NY,23324,1073,1178,-1000
02/12/2016 08:30,SCH - HQ_CEDARS,325274,0,199,-100
02/12/2016 08:30,SCH - HQ_IMPORT_EXPORT,325376,814,1310,-9999
02/12/2016 08:30,SCH - NE - NY,23318,-1177.51,1400,-1600
02/12/2016 08:30,SCH - NPX_1385,325277,35,200,-200
02/12/2016 08:30,SCH - NPX_CSC,325154,215,330,-330
02/12/2016 08:30,SCH - OH - NY,23317,1447.5,1900,-1900
02/12/2016 08:30,SCH - PJ - NY,23316,251.94,2600,-1300
02/12/2016 08:30,SCH - PJM_HTP,325905,0,0,0
02/12/2016 08:30,SCH - PJM_NEPTUNE,325305,439,660,-660
02/12/2016 08:30,SCH - PJM_VFT,325658,315,315,-315
02/12/2016 08:30,SPR/DUN-SOUTH,23320,2154.63,4600,-9999
02/12/2016 08:30,TOTAL EAST,23314,3944.66,6500,-9999
02/12/2016 08:30,UPNY CONED,23315,1776.44,5100,-9999
02/12/2016 08:30,WEST CENTRAL,23312,1424.54,9999,-9999
02/12/2016 08:35,CENTRAL EAST - VC,23330,2446.47,2665,-9999
02/12/2016 08:35,DYSINGER EAST,23326,2089.5,3150,-9999
02/12/2016 08:35,MOSES SOUTH,23319,1238.82,3000,-1600
02/12/2016 08:35,SCH - HQ - NY,23324,1073,1178,-1000
02/12/2016 08:35,SCH - HQ_CEDARS,325274,0,199,-100
02/12/2016 08:35,SCH - HQ_IMPORT_EXPORT,325376,814,1310,-9999
02/12/2016 08:35,SCH - NE - NY,23318,-1097.09,1400,-1600
02/12/2016 08:35,SCH - NPX_1385,325277,35,200,-200
02/12/2016 08:35,SCH - NPX_CSC,325154,215,330,-330
02/12/2016 08:35,SCH - OH - NY,23317,1447.61,1900,-1900
02/12/2016 08:35,SCH - PJ - NY,23316,292.81,2600,-1300
02/12/2016 08:35,SCH - PJM_HTP,325905,0,0,0
02/12/2016 08:35,SCH - PJM_NEPTUNE,325305,439,660,-660
02/12/2016 08:35,SCH - PJM_VFT,325658,315,315,-315
02/12/2016 08:35,SPR/DUN-SOUTH,23320,2166.68,4600,-9999
02/12/2016 08:35,TOTAL EAST,23314,3927.03,6500,-9999
02/12/2016 08:35,UPNY CONED,23315,1818.93,5100,-9999
02/12/2016 08:35,WEST CENTRAL,23312,1407.17,9999,-9999
02/12/2016 08:40,CENTRAL EAST - VC,23330,2499.13,2665,-9999
02/12/2016 08:40,DYSINGER EAST,23326,2101.82,3150,-9999
02/12/2016 08:40,MOSES SOUTH,23319,1237.41,3000,-1600
02/12/2016 08:40,SCH - HQ - NY,23324,1073,1178,-1000
02/12/2016 08:40,SCH - HQ_CEDARS,325274,0,199,-100
02/12/2016 08:40,SCH - HQ_IMPORT_EXPORT,325376,814,1310,-9999
02/12/2016 08:40,SCH - NE - NY,23318,-1096.66,1400,-1600
02/12/2016 08:40,SCH - NPX_1385,325277,35,200,-200
02/12/2016 08:40,SCH - NPX_CSC,325154,215,330,-330
02/12/2016 08:40,SCH - OH - NY,23317,1447.35,1900,-1900
02/12/2016 08:40,SCH - PJ - NY,23316,291.97,2600,-1300
02/12/2016 08:40,SCH - PJM_HTP,325905,0,0,0
02/12/2016 08:40,SCH - PJM_NEPTUNE,325305,439,660,-660
02/12/2016 08:40,SCH - PJM_VFT,325658,315,315,-315
02/12/2016 08:40,SPR/DUN-SOUTH,23320,2166.48,4600,-9999
02/12/2016 08:40,TOTAL EAST,23314,3949.03,6500,-9999
02/12/2016 08:40,UPNY CONED,23315,1837.83,5100,-9999
02/12/2016 08:40,WEST CENTRAL,23312,1416.84,9999,-9999
02/12/2016 08:45,CENTRAL EAST - VC,23330,2560.54,2665,-9999
02/12/2016 08:45,DYSINGER EAST,23326,2159.43,3150,-9999
02/12/2016 08:45,MOSES SOUTH,23319,1231.69,3000,-1600
02/12/2016 08:45,SCH - HQ - NY,23324,1073,1178,-1000
02/12/2016 08:45,SCH - HQ_CEDARS,325274,0,199,-100
02/12/2016 08:45,SCH - HQ_IMPORT_EXPORT,325376,814,1310,-9999
02/12/2016 08:45,SCH - NE - NY,23318,-1176.21,1400,-1600
02/12/2016 08:45,SCH - NPX_1385,325277,35,200,-200
02/12/2016 08:45,SCH - NPX_CSC,325154,215,330,-330
02/12/2016 08:45,SCH - OH - NY,23317,1447.37,1900,-1900
02/12/2016 08:45,SCH - PJ - NY,23316,253.76,2600,-1300
02/12/2016 08:45,SCH - PJM_HTP,325905,0,0,0
02/12/2016 08:45,SCH - PJM_NEPTUNE,325305,439,660,-660
02/12/2016 08:45,SCH - PJM_VFT,325658,315,315,-315
02/12/2016 08:45,SPR/DUN-SOUTH,23320,2119.68,4600,-9999
02/12/2016 08:45,TOTAL EAST,23314,4110.9,6500,-9999
02/12/2016 08:45,UPNY CONED,23315,1820.14,5100,-9999
02/12/2016 08:45,WEST CENTRAL,23312,1467.1,9999,-9999
02/12/2016 08:50,CENTRAL EAST - VC,23330,2564.78,2665,-9999
02/12/2016 08:50,DYSINGER EAST,23326,2154.41,3150,-9999
02/12/2016 08:50,MOSES SOUTH,23319,1170.57,3000,-1600
02/12/2016 08:50,SCH - HQ - NY,23324,1073,1178,-1000
02/12/2016 08:50,SCH - HQ_CEDARS,325274,0,199,-100
02/12/2016 08:50,SCH - HQ_IMPORT_EXPORT,325376,814,1310,-9999
02/12/2016 08:50,SCH - NE - NY,23318,-1255.18,1400,-1600
02/12/2016 08:50,SCH - NPX_1385,325277,35,200,-200
02/12/2016 08:50,SCH - NPX_CSC,325154,215,330,-330
02/12/2016 08:50,SCH - OH - NY,23317,1447.02,1900,-1900
02/12/2016 08:50,SCH - PJ - NY,23316,215.8,2600,-1300
02/12/2016 08:50,SCH - PJM_HTP,325905,0,0,0
02/12/2016 08:50,SCH - PJM_NEPTUNE,325305,439,660,-660
02/12/2016 08:50,SCH - PJM_VFT,325658,315,315,-315
02/12/2016 08:50,SPR/DUN-SOUTH,23320,2119.12,4600,-9999
02/12/2016 08:50,TOTAL EAST,23314,4166.08,6500,-9999
02/12/2016 08:50,UPNY CONED,23315,1818.59,5100,-9999
02/12/2016 08:50,WEST CENTRAL,23312,1461.32,9999,-9999
02/12/2016 08:55,CENTRAL EAST - VC,23330,2557.38,2665,-9999
02/12/2016 08:55,DYSINGER EAST,23326,2145.62,3150,-9999
02/12/2016 08:55,MOSES SOUTH,23319,1165.96,3000,-1600
02/12/2016 08:55,SCH - HQ - NY,23324,1073,1178,-1000
02/12/2016 08:55,SCH - HQ_CEDARS,325274,0,199,-100
02/12/2016 08:55,SCH - HQ_IMPORT_EXPORT,325376,814,1310,-9999
02/12/2016 08:55,SCH - NE - NY,23318,-1255.07,1400,-1600
02/12/2016 08:55,SCH - NPX_1385,325277,35,200,-200
02/12/2016 08:55,SCH - NPX_CSC,325154,215,330,-330
02/12/2016 08:55,SCH - OH - NY,23317,1447.16,1900,-1900
02/12/2016 08:55,SCH - PJ - NY,23316,218.27,2600,-1300
02/12/2016 08:55,SCH - PJM_HTP,325905,0,0,0
02/12/2016 08:55,SCH - PJM_NEPTUNE,325305,439,660,-660
02/12/2016 08:55,SCH - PJM_VFT,325658,315,315,-315
02/12/2016 08:55,SPR/DUN-SOUTH,23320,2139.59,4600,-9999
02/12/2016 08:55,TOTAL EAST,23314,4148.51,6500,-9999
02/12/2016 08:55,UPNY CONED,23315,1824.15,5100,-9999
02/12/2016 08:55,WEST CENTRAL,23312,1459.45,9999,-9999
02/12/2016 09:00,CENTRAL EAST - VC,23330,2562.75,2665,-9999
02/12/2016 09:00,DYSINGER EAST,23326,2041.25,3150,-9999
02/12/2016 09:00,MOSES SOUTH,23319,1260.07,3000,-1600
02/12/2016 09:00,SCH - HQ - NY,23324,1125,1178,-1000
02/12/2016 09:00,SCH - HQ_CEDARS,325274,0,199,-100
02/12/2016 09:00,SCH - HQ_IMPORT_EXPORT,325376,866,1310,-9999
02/12/2016 09:00,SCH - NE - NY,23318,-1218.53,1400,-1600
02/12/2016 09:00,SCH - NPX_1385,325277,50,200,-200
02/12/2016 09:00,SCH - NPX_CSC,325154,201,330,-330
02/12/2016 09:00,SCH - OH - NY,23317,1443.87,1900,-1900
02/12/2016 09:00,SCH - PJ - NY,23316,207.48,2600,-1300
02/12/2016 09:00,SCH - PJM_HTP,325905,0,0,0
02/12/2016 09:00,SCH - PJM_NEPTUNE,325305,549,660,-660
02/12/2016 09:00,SCH - PJM_VFT,325658,315,315,-315
02/12/2016 09:00,SPR/DUN-SOUTH,23320,2117.41,4600,-9999
02/12/2016 09:00,TOTAL EAST,23314,4197.62,6500,-9999
02/12/2016 09:00,UPNY CONED,23315,1708.18,5100,-9999
02/12/2016 09:00,WEST CENTRAL,23312,1361.76,9999,-9999
02/12/2016 09:05,CENTRAL EAST - VC,23330,2509.3,2665,-9999
02/12/2016 09:05,DYSINGER EAST,23326,1966.05,3150,-9999
02/12/2016 09:05,MOSES SOUTH,23319,1366.3,3000,-1600
02/12/2016 09:05,SCH - HQ - NY,23324,1178,1178,-1000
02/12/2016 09:05,SCH - HQ_CEDARS,325274,0,199,-100
02/12/2016 09:05,SCH - HQ_IMPORT_EXPORT,325376,919,1310,-9999
02/12/2016 09:05,SCH - NE - NY,23318,-1181.66,1400,-1600
02/12/2016 09:05,SCH - NPX_1385,325277,65,200,-200
02/12/2016 09:05,SCH - NPX_CSC,325154,187,330,-330
02/12/2016 09:05,SCH - OH - NY,23317,1440.72,1900,-1900
02/12/2016 09:05,SCH - PJ - NY,23316,196.43,2600,-1300
02/12/2016 09:05,SCH - PJM_HTP,325905,0,0,0
02/12/2016 09:05,SCH - PJM_NEPTUNE,325305,660,660,-660
02/12/2016 09:05,SCH - PJM_VFT,325658,315,315,-315
02/12/2016 09:05,SPR/DUN-SOUTH,23320,2135.99,4600,-9999
02/12/2016 09:05,TOTAL EAST,23314,4107.44,6500,-9999
02/12/2016 09:05,UPNY CONED,23315,1630.3,5100,-9999
02/12/2016 09:05,WEST CENTRAL,23312,1288.85,9999,-9999
02/12/2016 09:10,CENTRAL EAST - VC,23330,2501.7,2665,-9999
02/12/2016 09:10,DYSINGER EAST,23326,1965.87,3150,-9999
02/12/2016 09:10,MOSES SOUTH,23319,1403.35,3000,-1600
02/12/2016 09:10,SCH - HQ - NY,23324,1178,1178,-1000
02/12/2016 09:10,SCH - HQ_CEDARS,325274,0,199,-100
02/12/2016 09:10,SCH - HQ_IMPORT_EXPORT,325376,919,1310,-9999
02/12/2016 09:10,SCH - NE - NY,23318,-1182.07,1400,-1600
02/12/2016 09:10,SCH - NPX_1385,325277,65,200,-200
02/12/2016 09:10,SCH - NPX_CSC,325154,187,330,-330
02/12/2016 09:10,SCH - OH - NY,23317,1441,1900,-1900
02/12/2016 09:10,SCH - PJ - NY,23316,195.63,2600,-1300
02/12/2016 09:10,SCH - PJM_HTP,325905,0,0,0
02/12/2016 09:10,SCH - PJM_NEPTUNE,325305,660,660,-660
02/12/2016 09:10,SCH - PJM_VFT,325658,315,315,-315
02/12/2016 09:10,SPR/DUN-SOUTH,23320,2137.48,4600,-9999
02/12/2016 09:10,TOTAL EAST,23314,4102.26,6500,-9999
02/12/2016 09:10,UPNY CONED,23315,1654.7,5100,-9999
02/12/2016 09:10,WEST CENTRAL,23312,1281.74,9999,-9999
02/12/2016 09:15,CENTRAL EAST - VC,23330,2565.4,2665,-9999
02/12/2016 09:15,DYSINGER EAST,23326,2000.76,3150,-9999
02/12/2016 09:15,MOSES SOUTH,23319,1426.87,3000,-1600
02/12/2016 09:15,SCH - HQ - NY,23324,1178,1178,-1000
02/12/2016 09:15,SCH - HQ_CEDARS,325274,0,199,-100
02/12/2016 09:15,SCH - HQ_IMPORT_EXPORT,325376,919,1310,-9999
02/12/2016 09:15,SCH - NE - NY,23318,-1169.65,1400,-1600
02/12/2016 09:15,SCH - NPX_1385,325277,65,200,-200
02/12/2016 09:15,SCH - NPX_CSC,325154,187,330,-330
02/12/2016 09:15,SCH - OH - NY,23317,1441.06,1900,-1900
02/12/2016 09:15,SCH - PJ - NY,23316,153.27,2600,-1300
02/12/2016 09:15,SCH - PJM_HTP,325905,0,0,0
02/12/2016 09:15,SCH - PJM_NEPTUNE,325305,660,660,-660
02/12/2016 09:15,SCH - PJM_VFT,325658,315,315,-315
02/12/2016 09:15,SPR/DUN-SOUTH,23320,2246.22,4600,-9999
02/12/2016 09:15,TOTAL EAST,23314,4070.08,6500,-9999
02/12/2016 09:15,UPNY CONED,23315,1709.1,5100,-9999
02/12/2016 09:15,WEST CENTRAL,23312,1311.38,9999,-9999
02/12/2016 09:20,CENTRAL EAST - VC,23330,2521.91,2665,-9999
02/12/2016 09:20,DYSINGER EAST,23326,1890.94,3150,-9999
02/12/2016 09:20,MOSES SOUTH,23319,1505.78,3000,-1600
02/12/2016 09:20,SCH - HQ - NY,23324,1178,1178,-1000
02/12/2016 09:20,SCH - HQ_CEDARS,325274,0,199,-100
02/12/2016 09:20,SCH - HQ_IMPORT_EXPORT,325376,919,1310,-9999
02/12/2016 09:20,SCH - NE - NY,23318,-1157.79,1400,-1600
02/12/2016 09:20,SCH - NPX_1385,325277,65,200,-200
02/12/2016 09:20,SCH - NPX_CSC,325154,187,330,-330
02/12/2016 09:20,SCH - OH - NY,23317,1440.6,1900,-1900
02/12/2016 09:20,SCH - PJ - NY,23316,114.94,2600,-1300
02/12/2016 09:20,SCH - PJM_HTP,325905,0,0,0
02/12/2016 09:20,SCH - PJM_NEPTUNE,325305,660,660,-660
02/12/2016 09:20,SCH - PJM_VFT,325658,315,315,-315
02/12/2016 09:20,SPR/DUN-SOUTH,23320,2186.87,4600,-9999
02/12/2016 09:20,TOTAL EAST,23314,3984.58,6500,-9999
02/12/2016 09:20,UPNY CONED,23315,1612.55,5100,-9999
02/12/2016 09:20,WEST CENTRAL,23312,1202.23,9999,-9999
02/12/2016 09:25,CENTRAL EAST - VC,23330,2546.85,2665,-9999
02/12/2016 09:25,DYSINGER EAST,23326,1889.22,3150,-9999
02/12/2016 09:25,MOSES SOUTH,23319,1509.64,3000,-1600
02/12/2016 09:25,SCH - HQ - NY,23324,1178,1178,-1000
02/12/2016 09:25,SCH - HQ_CEDARS,325274,0,199,-100
02/12/2016 09:25,SCH - HQ_IMPORT_EXPORT,325376,919,1310,-9999
02/12/2016 09:25,SCH - NE - NY,23318,-1158.03,1400,-1600
02/12/2016 09:25,SCH - NPX_1385,325277,65,200,-200
02/12/2016 09:25,SCH - NPX_CSC,325154,187,330,-330
02/12/2016 09:25,SCH - OH - NY,23317,1440.7,1900,-1900
02/12/2016 09:25,SCH - PJ - NY,23316,115.26,2600,-1300
02/12/2016 09:25,SCH - PJM_HTP,325905,0,0,0
02/12/2016 09:25,SCH - PJM_NEPTUNE,325305,660,660,-660
02/12/2016 09:25,SCH - PJM_VFT,325658,315,315,-315
02/12/2016 09:25,SPR/DUN-SOUTH,23320,2188.15,4600,-9999
02/12/2016 09:25,TOTAL EAST,23314,4105.44,6500,-9999
02/12/2016 09:25,UPNY CONED,23315,1704.86,5100,-9999
02/12/2016 09:25,WEST CENTRAL,23312,1196.8,9999,-9999
02/12/2016 09:30,CENTRAL EAST - VC,23330,2556.96,2665,-9999
02/12/2016 09:30,DYSINGER EAST,23326,1939.74,3150,-9999
02/12/2016 09:30,MOSES SOUTH,23319,1460.58,3000,-1600
02/12/2016 09:30,SCH - HQ - NY,23324,1178,1178,-1000
02/12/2016 09:30,SCH - HQ_CEDARS,325274,0,199,-100
02/12/2016 09:30,SCH - HQ_IMPORT_EXPORT,325376,919,1310,-9999
02/12/2016 09:30,SCH - NE - NY,23318,-1185.91,1400,-1600
02/12/2016 09:30,SCH - NPX_1385,325277,65,200,-200
02/12/2016 09:30,SCH - NPX_CSC,325154,187,330,-330
02/12/2016 09:30,SCH - OH - NY,23317,1440.93,1900,-1900
02/12/2016 09:30,SCH - PJ - NY,23316,114.26,2600,-1300
02/12/2016 09:30,SCH - PJM_HTP,325905,0,0,0
02/12/2016 09:30,SCH - PJM_NEPTUNE,325305,660,660,-660
02/12/2016 09:30,SCH - PJM_VFT,325658,315,315,-315
02/12/2016 09:30,SPR/DUN-SOUTH,23320,2254.74,4600,-9999
02/12/2016 09:30,TOTAL EAST,23314,4128.22,6500,-9999
02/12/2016 09:30,UPNY CONED,23315,1789.36,5100,-9999
02/12/2016 09:30,WEST CENTRAL,23312,1238.38,9999,-9999
02/12/2016 09:35,CENTRAL EAST - VC,23330,2555.38,2665,-9999
02/12/2016 09:35,DYSINGER EAST,23326,1923.61,3150,-9999
02/12/2016 09:35,MOSES SOUTH,23319,1465.58,3000,-1600
02/12/2016 09:35,SCH - HQ - NY,23324,1178,1178,-1000
02/12/2016 09:35,SCH - HQ_CEDARS,325274,0,199,-100
02/12/2016 09:35,SCH - HQ_IMPORT_EXPORT,325376,919,1310,-9999
02/12/2016 09:35,SCH - NE - NY,23318,-1215.1,1400,-1600
02/12/2016 09:35,SCH - NPX_1385,325277,65,200,-200
02/12/2016 09:35,SCH - NPX_CSC,325154,187,330,-330
02/12/2016 09:35,SCH - OH - NY,23317,1440.9,1900,-1900
02/12/2016 09:35,SCH - PJ - NY,23316,115.43,2600,-1300
02/12/2016 09:35,SCH - PJM_HTP,325905,0,0,0
02/12/2016 09:35,SCH - PJM_NEPTUNE,325305,660,660,-660
02/12/2016 09:35,SCH - PJM_VFT,325658,315,315,-315
02/12/2016 09:35,SPR/DUN-SOUTH,23320,2248.45,4600,-9999
02/12/2016 09:35,TOTAL EAST,23314,4110.66,6500,-9999
02/12/2016 09:35,UPNY CONED,23315,1809.2,5100,-9999
02/12/2016 09:35,WEST CENTRAL,23312,1222.19,9999,-9999
02/12/2016 09:40,CENTRAL EAST - VC,23330,2558.36,2665,-9999
02/12/2016 09:40,DYSINGER EAST,23326,1966.26,3150,-9999
02/12/2016 09:40,MOSES SOUTH,23319,1454.95,3000,-1600
02/12/2016 09:40,SCH - HQ - NY,23324,1178,1178,-1000
02/12/2016 09:40,SCH - HQ_CEDARS,325274,0,199,-100
02/12/2016 09:40,SCH - HQ_IMPORT_EXPORT,325376,919,1310,-9999
02/12/2016 09:40,SCH - NE - NY,23318,-1215.09,1400,-1600
02/12/2016 09:40,SCH - NPX_1385,325277,65,200,-200
02/12/2016 09:40,SCH - NPX_CSC,325154,187,330,-330
02/12/2016 09:40,SCH - OH - NY,23317,1441.07,1900,-1900
02/12/2016 09:40,SCH - PJ - NY,23316,114.53,2600,-1300
02/12/2016 09:40,SCH - PJM_HTP,325905,0,0,0
02/12/2016 09:40,SCH - PJM_NEPTUNE,325305,660,660,-660
02/12/2016 09:40,SCH - PJM_VFT,325658,315,315,-315
02/12/2016 09:40,SPR/DUN-SOUTH,23320,2248.8,4600,-9999
02/12/2016 09:40,TOTAL EAST,23314,4131.38,6500,-9999
02/12/2016 09:40,UPNY CONED,23315,1828.67,5100,-9999
02/12/2016 09:40,WEST CENTRAL,23312,1261.99,9999,-9999
02/12/2016 09:45,CENTRAL EAST - VC,23330,2559.98,2665,-9999
02/12/2016 09:45,DYSINGER EAST,23326,1950.86,3150,-9999
02/12/2016 09:45,MOSES SOUTH,23319,1448.91,3000,-1600
02/12/2016 09:45,SCH - HQ - NY,23324,1178,1178,-1000
02/12/2016 09:45,SCH - HQ_CEDARS,325274,0,199,-100
02/12/2016 09:45,SCH - HQ_IMPORT_EXPORT,325376,919,1310,-9999
02/12/2016 09:45,SCH - NE - NY,23318,-1208,1400,-1600
02/12/2016 09:45,SCH - NPX_1385,325277,65,200,-200
02/12/2016 09:45,SCH - NPX_CSC,325154,187,330,-330
02/12/2016 09:45,SCH - OH - NY,23317,1440.84,1900,-1900
02/12/2016 09:45,SCH - PJ - NY,23316,115.4,2600,-1300
02/12/2016 09:45,SCH - PJM_HTP,325905,0,0,0
02/12/2016 09:45,SCH - PJM_NEPTUNE,325305,660,660,-660
02/12/2016 09:45,SCH - PJM_VFT,325658,315,315,-315
02/12/2016 09:45,SPR/DUN-SOUTH,23320,2526.86,4600,-9999
02/12/2016 09:45,TOTAL EAST,23314,4093.9,6500,-9999
02/12/2016 09:45,UPNY CONED,23315,2057.28,5100,-9999
02/12/2016 09:45,WEST CENTRAL,23312,1244.54,9999,-9999
02/12/2016 09:50,CENTRAL EAST - VC,23330,2560.72,2665,-9999
02/12/2016 09:50,DYSINGER EAST,23326,1937.22,3150,-9999
02/12/2016 09:50,MOSES SOUTH,23319,1467.85,3000,-1600
02/12/2016 09:50,SCH - HQ - NY,23324,1178,1178,-1000
02/12/2016 09:50,SCH - HQ_CEDARS,325274,0,199,-100
02/12/2016 09:50,SCH - HQ_IMPORT_EXPORT,325376,919,1310,-9999
02/12/2016 09:50,SCH - NE - NY,23318,-1201.44,1400,-1600
02/12/2016 09:50,SCH - NPX_1385,325277,65,200,-200
02/12/2016 09:50,SCH - NPX_CSC,325154,187,330,-330
02/12/2016 09:50,SCH - OH - NY,23317,1440.9,1900,-1900
02/12/2016 09:50,SCH - PJ - NY,23316,114.28,2600,-1300
02/12/2016 09:50,SCH - PJM_HTP,325905,0,0,0
02/12/2016 09:50,SCH - PJM_NEPTUNE,325305,660,660,-660
02/12/2016 09:50,SCH - PJM_VFT,325658,315,315,-315
02/12/2016 09:50,SPR/DUN-SOUTH,23320,2620.59,4600,-9999
02/12/2016 09:50,TOTAL EAST,23314,4150.26,6500,-9999
02/12/2016 09:50,UPNY CONED,23315,2129.36,5100,-9999
02/12/2016 09:50,WEST CENTRAL,23312,1232.56,9999,-9999
02/12/2016 09:55,CENTRAL EAST - VC,23330,2558.51,2665,-9999
02/12/2016 09:55,DYSINGER EAST,23326,1970.74,3150,-9999
02/12/2016 09:55,MOSES SOUTH,23319,1472.22,3000,-1600
02/12/2016 09:55,SCH - HQ - NY,23324,1178,1178,-1000
02/12/2016 09:55,SCH - HQ_CEDARS,325274,0,199,-100
02/12/2016 09:55,SCH - HQ_IMPORT_EXPORT,325376,919,1310,-9999
02/12/2016 09:55,SCH - NE - NY,23318,-1200.62,1400,-1600
02/12/2016 09:55,SCH - NPX_1385,325277,65,200,-200
02/12/2016 09:55,SCH - NPX_CSC,325154,187,330,-330
02/12/2016 09:55,SCH - OH - NY,23317,1441.06,1900,-1900
02/12/2016 09:55,SCH - PJ - NY,23316,117.81,2600,-1300
02/12/2016 09:55,SCH - PJM_HTP,325905,0,0,0
02/12/2016 09:55,SCH - PJM_NEPTUNE,325305,660,660,-660
02/12/2016 09:55,SCH - PJM_VFT,325658,315,315,-315
02/12/2016 09:55,SPR/DUN-SOUTH,23320,2657.36,4600,-9999
02/12/2016 09:55,TOTAL EAST,23314,4082.37,6500,-9999
02/12/2016 09:55,UPNY CONED,23315,2138.23,5100,-9999
02/12/2016 09:55,WEST CENTRAL,23312,1264.08,9999,-9999
02/12/2016 10:00,CENTRAL EAST - VC,23330,2551.35,2665,-9999
02/12/2016 10:00,DYSINGER EAST,23326,1980.82,3150,-9999
02/12/2016 10:00,MOSES SOUTH,23319,1476.38,3000,-1600
02/12/2016 10:00,SCH - HQ - NY,23324,1178,1178,-1000
02/12/2016 10:00,SCH - HQ_CEDARS,325274,0,199,-100
02/12/2016 10:00,SCH - HQ_IMPORT_EXPORT,325376,919,1310,-9999
02/12/2016 10:00,SCH - NE - NY,23318,-1157,1400,-1600
02/12/2016 10:00,SCH - NPX_1385,325277,79,200,-200
02/12/2016 10:00,SCH - NPX_CSC,325154,143,330,-330
02/12/2016 10:00,SCH - OH - NY,23317,1500.89,1900,-1900
02/12/2016 10:00,SCH - PJ - NY,23316,134.63,2600,-1300
02/12/2016 10:00,SCH - PJM_HTP,325905,0,0,0
02/12/2016 10:00,SCH - PJM_NEPTUNE,325305,660,660,-660
02/12/2016 10:00,SCH - PJM_VFT,325658,315,315,-315
02/12/2016 10:00,SPR/DUN-SOUTH,23320,2917.39,4600,-9999
02/12/2016 10:00,TOTAL EAST,23314,4179.27,6500,-9999
02/12/2016 10:00,UPNY CONED,23315,2354.53,5100,-9999
02/12/2016 10:00,WEST CENTRAL,23312,1275.29,9999,-9999
02/12/2016 10:05,CENTRAL EAST - VC,23330,2543.79,2665,-9999
02/12/2016 10:05,DYSINGER EAST,23326,1916.53,3150,-9999
02/12/2016 10:05,MOSES SOUTH,23319,1468.31,3000,-1600
02/12/2016 10:05,SCH - HQ - NY,23324,1178,1178,-1000
02/12/2016 10:05,SCH - HQ_CEDARS,325274,0,199,-100
02/12/2016 10:05,SCH - HQ_IMPORT_EXPORT,325376,919,1310,-9999
02/12/2016 10:05,SCH - NE - NY,23318,-1114.12,1400,-1600
02/12/2016 10:05,SCH - NPX_1385,325277,93,200,-200
02/12/2016 10:05,SCH - NPX_CSC,325154,100,330,-330
02/12/2016 10:05,SCH - OH - NY,23317,1561.32,1900,-1900
02/12/2016 10:05,SCH - PJ - NY,23316,154.12,2600,-1300
02/12/2016 10:05,SCH - PJM_HTP,325905,0,0,0
02/12/2016 10:05,SCH - PJM_NEPTUNE,325305,660,660,-660
02/12/2016 10:05,SCH - PJM_VFT,325658,315,315,-315
02/12/2016 10:05,SPR/DUN-SOUTH,23320,2993.34,4600,-9999
02/12/2016 10:05,TOTAL EAST,23314,4094.5,6500,-9999
02/12/2016 10:05,UPNY CONED,23315,2436.04,5100,-9999
02/12/2016 10:05,WEST CENTRAL,23312,1212.56,9999,-9999
02/12/2016 10:10,CENTRAL EAST - VC,23330,2560.57,2665,-9999
02/12/2016 10:10,DYSINGER EAST,23326,2011.48,3150,-9999
02/12/2016 10:10,MOSES SOUTH,23319,1489.21,3000,-1600
02/12/2016 10:10,SCH - HQ - NY,23324,1178,1178,-1000
02/12/2016 10:10,SCH - HQ_CEDARS,325274,0,199,-100
02/12/2016 10:10,SCH - HQ_IMPORT_EXPORT,325376,919,1310,-9999
02/12/2016 10:10,SCH - NE - NY,23318,-1114.29,1400,-1600
02/12/2016 10:10,SCH - NPX_1385,325277,93,200,-200
02/12/2016 10:10,SCH - NPX_CSC,325154,100,330,-330
02/12/2016 10:10,SCH - OH - NY,23317,1561.65,1900,-1900
02/12/2016 10:10,SCH - PJ - NY,23316,153.62,2600,-1300
02/12/2016 10:10,SCH - PJM_HTP,325905,0,0,0
02/12/2016 10:10,SCH - PJM_NEPTUNE,325305,660,660,-660
02/12/2016 10:10,SCH - PJM_VFT,325658,315,315,-315
02/12/2016 10:10,SPR/DUN-SOUTH,23320,3052.85,4600,-9999
02/12/2016 10:10,TOTAL EAST,23314,4194.79,6500,-9999
02/12/2016 10:10,UPNY CONED,23315,2503.62,5100,-9999
02/12/2016 10:10,WEST CENTRAL,23312,1305.94,9999,-9999
02/12/2016 10:15,CENTRAL EAST - VC,23330,2564.17,2665,-9999
02/12/2016 10:15,DYSINGER EAST,23326,1981.34,3150,-9999
02/12/2016 10:15,MOSES SOUTH,23319,1480.13,3000,-1600
02/12/2016 10:15,SCH - HQ - NY,23324,1178,1178,-1000
02/12/2016 10:15,SCH - HQ_CEDARS,325274,0,199,-100
02/12/2016 10:15,SCH - HQ_IMPORT_EXPORT,325376,919,1310,-9999
02/12/2016 10:15,SCH - NE - NY,23318,-1021.38,1400,-1600
02/12/2016 10:15,SCH - NPX_1385,325277,93,200,-200
02/12/2016 10:15,SCH - NPX_CSC,325154,100,330,-330
02/12/2016 10:15,SCH - OH - NY,23317,1561.68,1900,-1900
02/12/2016 10:15,SCH - PJ - NY,23316,214.56,2600,-1300
02/12/2016 10:15,SCH - PJM_HTP,325905,0,0,0
02/12/2016 10:15,SCH - PJM_NEPTUNE,325305,660,660,-660
02/12/2016 10:15,SCH - PJM_VFT,325658,315,315,-315
02/12/2016 10:15,SPR/DUN-SOUTH,23320,3253.47,4600,-9999
02/12/2016 10:15,TOTAL EAST,23314,4148.08,6500,-9999
02/12/2016 10:15,UPNY CONED,23315,2694.57,5100,-9999
02/12/2016 10:15,WEST CENTRAL,23312,1275.96,9999,-9999
02/12/2016 10:20,CENTRAL EAST - VC,23330,2542.57,2665,-9999
02/12/2016 10:20,DYSINGER EAST,23326,1931.97,3150,-9999
02/12/2016 10:20,MOSES SOUTH,23319,1494.49,3000,-1600
02/12/2016 10:20,SCH - HQ - NY,23324,1178,1178,-1000
02/12/2016 10:20,SCH - HQ_CEDARS,325274,0,199,-100
02/12/2016 10:20,SCH - HQ_IMPORT_EXPORT,325376,919,1310,-9999
02/12/2016 10:20,SCH - NE - NY,23318,-929.58,1400,-1600
02/12/2016 10:20,SCH - NPX_1385,325277,93,200,-200
02/12/2016 10:20,SCH - NPX_CSC,325154,100,330,-330
02/12/2016 10:20,SCH - OH - NY,23317,1561.49,1900,-1900
02/12/2016 10:20,SCH - PJ - NY,23316,268.49,2600,-1300
02/12/2016 10:20,SCH - PJM_HTP,325905,0,0,0
02/12/2016 10:20,SCH - PJM_NEPTUNE,325305,660,660,-660
02/12/2016 10:20,SCH - PJM_VFT,325658,315,315,-315
02/12/2016 10:20,SPR/DUN-SOUTH,23320,3364.12,4600,-9999
02/12/2016 10:20,TOTAL EAST,23314,4187.54,6500,-9999
02/12/2016 10:20,UPNY CONED,23315,2805.7,5100,-9999
02/12/2016 10:20,WEST CENTRAL,23312,1232.24,9999,-9999
02/12/2016 10:25,CENTRAL EAST - VC,23330,2560.23,2665,-9999
02/12/2016 10:25,DYSINGER EAST,23326,1995.93,3150,-9999
02/12/2016 10:25,MOSES SOUTH,23319,1512.61,3000,-1600
02/12/2016 10:25,SCH - HQ - NY,23324,1178,1178,-1000
02/12/2016 10:25,SCH - HQ_CEDARS,325274,0,199,-100
02/12/2016 10:25,SCH - HQ_IMPORT_EXPORT,325376,919,1310,-9999
02/12/2016 10:25,SCH - NE - NY,23318,-929.6,1400,-1600
02/12/2016 10:25,SCH - NPX_1385,325277,93,200,-200
02/12/2016 10:25,SCH - NPX_CSC,325154,100,330,-330
02/12/2016 10:25,SCH - OH - NY,23317,1561.57,1900,-1900
02/12/2016 10:25,SCH - PJ - NY,23316,269.17,2600,-1300
02/12/2016 10:25,SCH - PJM_HTP,325905,0,0,0
02/12/2016 10:25,SCH - PJM_NEPTUNE,325305,660,660,-660
02/12/2016 10:25,SCH - PJM_VFT,325658,315,315,-315
02/12/2016 10:25,SPR/DUN-SOUTH,23320,3325.07,4600,-9999
02/12/2016 10:25,TOTAL EAST,23314,4298.17,6500,-9999
02/12/2016 10:25,UPNY CONED,23315,2794.76,5100,-9999
02/12/2016 10:25,WEST CENTRAL,23312,1289.6,9999,-9999
02/12/2016 10:30,CENTRAL EAST - VC,23330,2564.79,2665,-9999
02/12/2016 10:30,DYSINGER EAST,23326,1999.13,3150,-9999
02/12/2016 10:30,MOSES SOUTH,23319,1532.05,3000,-1600
02/12/2016 10:30,SCH - HQ - NY,23324,1178,1178,-1000
02/12/2016 10:30,SCH - HQ_CEDARS,325274,0,199,-100
02/12/2016 10:30,SCH - HQ_IMPORT_EXPORT,325376,919,1310,-9999
02/12/2016 10:30,SCH - NE - NY,23318,-847.02,1400,-1600
02/12/2016 10:30,SCH - NPX_1385,325277,93,200,-200
02/12/2016 10:30,SCH - NPX_CSC,325154,100,330,-330
02/12/2016 10:30,SCH - OH - NY,23317,1561.72,1900,-1900
02/12/2016 10:30,SCH - PJ - NY,23316,338.57,2600,-1300
02/12/2016 10:30,SCH - PJM_HTP,325905,0,0,0
02/12/2016 10:30,SCH - PJM_NEPTUNE,325305,660,660,-660
02/12/2016 10:30,SCH - PJM_VFT,325658,315,315,-315
02/12/2016 10:30,SPR/DUN-SOUTH,23320,3372.24,4600,-9999
02/12/2016 10:30,TOTAL EAST,23314,4403.87,6500,-9999
02/12/2016 10:30,UPNY CONED,23315,2855.32,5100,-9999
02/12/2016 10:30,WEST CENTRAL,23312,1290.17,9999,-9999
02/12/2016 10:35,CENTRAL EAST - VC,23330,2564.43,2665,-9999
02/12/2016 10:35,DYSINGER EAST,23326,1980.47,3150,-9999
02/12/2016 10:35,MOSES SOUTH,23319,1541.78,3000,-1600
02/12/2016 10:35,SCH - HQ - NY,23324,1178,1178,-1000
02/12/2016 10:35,SCH - HQ_CEDARS,325274,0,199,-100
02/12/2016 10:35,SCH - HQ_IMPORT_EXPORT,325376,919,1310,-9999
02/12/2016 10:35,SCH - NE - NY,23318,-764.58,1400,-1600
02/12/2016 10:35,SCH - NPX_1385,325277,93,200,-200
02/12/2016 10:35,SCH - NPX_CSC,325154,100,330,-330
02/12/2016 10:35,SCH - OH - NY,23317,1561.59,1900,-1900
02/12/2016 10:35,SCH - PJ - NY,23316,405.42,2600,-1300
02/12/2016 10:35,SCH - PJM_HTP,325905,0,0,0
02/12/2016 10:35,SCH - PJM_NEPTUNE,325305,660,660,-660
02/12/2016 10:35,SCH - PJM_VFT,325658,315,315,-315
02/12/2016 10:35,SPR/DUN-SOUTH,23320,3428.08,4600,-9999
02/12/2016 10:35,TOTAL EAST,23314,4424.75,6500,-9999
02/12/2016 10:35,UPNY CONED,23315,2925.4,5100,-9999
02/12/2016 10:35,WEST CENTRAL,23312,1273.91,9999,-9999
02/12/2016 10:40,CENTRAL EAST - VC,23330,2617.74,2725,-9999
02/12/2016 10:40,DYSINGER EAST,23326,2025.43,3150,-9999
02/12/2016 10:40,MOSES SOUTH,23319,1568.28,3000,-1600
02/12/2016 10:40,SCH - HQ - NY,23324,1178,1178,-1000
02/12/2016 10:40,SCH - HQ_CEDARS,325274,0,199,-100
02/12/2016 10:40,SCH - HQ_IMPORT_EXPORT,325376,919,1310,-9999
02/12/2016 10:40,SCH - NE - NY,23318,-764.97,1400,-1600
02/12/2016 10:40,SCH - NPX_1385,325277,93,200,-200
02/12/2016 10:40,SCH - NPX_CSC,325154,100,330,-330
02/12/2016 10:40,SCH - OH - NY,23317,1561.62,1900,-1900
02/12/2016 10:40,SCH - PJ - NY,23316,405.57,2600,-1300
02/12/2016 10:40,SCH - PJM_HTP,325905,0,0,0
02/12/2016 10:40,SCH - PJM_NEPTUNE,325305,660,660,-660
02/12/2016 10:40,SCH - PJM_VFT,325658,315,315,-315
02/12/2016 10:40,SPR/DUN-SOUTH,23320,3424.92,4600,-9999
02/12/2016 10:40,TOTAL EAST,23314,4441.78,6500,-9999
02/12/2016 10:40,UPNY CONED,23315,2937.39,5100,-9999
02/12/2016 10:40,WEST CENTRAL,23312,1315.89,9999,-9999
02/12/2016 10:45,CENTRAL EAST - VC,23330,2624.55,2725,-9999
02/12/2016 10:45,DYSINGER EAST,23326,2024,3150,-9999
02/12/2016 10:45,MOSES SOUTH,23319,1558.17,3000,-1600
02/12/2016 10:45,SCH - HQ - NY,23324,1178,1178,-1000
02/12/2016 10:45,SCH - HQ_CEDARS,325274,0,199,-100
02/12/2016 10:45,SCH - HQ_IMPORT_EXPORT,325376,919,1310,-9999
02/12/2016 10:45,SCH - NE - NY,23318,-691.85,1400,-1600
02/12/2016 10:45,SCH - NPX_1385,325277,93,200,-200
02/12/2016 10:45,SCH - NPX_CSC,325154,100,330,-330
02/12/2016 10:45,SCH - OH - NY,23317,1561.66,1900,-1900
02/12/2016 10:45,SCH - PJ - NY,23316,481.96,2600,-1300
02/12/2016 10:45,SCH - PJM_HTP,325905,0,0,0
02/12/2016 10:45,SCH - PJM_NEPTUNE,325305,660,660,-660
02/12/2016 10:45,SCH - PJM_VFT,325658,315,315,-315
02/12/2016 10:45,SPR/DUN-SOUTH,23320,3424.26,4600,-9999
02/12/2016 10:45,TOTAL EAST,23314,4576.71,6500,-9999
02/12/2016 10:45,UPNY CONED,23315,2960.15,5100,-9999
02/12/2016 10:45,WEST CENTRAL,23312,1315.59,9999,-9999
02/12/2016 10:50,CENTRAL EAST - VC,23330,2622.64,2725,-9999
02/12/2016 10:50,DYSINGER EAST,23326,2042.72,3150,-9999
02/12/2016 10:50,MOSES SOUTH,23319,1516.17,3000,-1600
02/12/2016 10:50,SCH - HQ - NY,23324,1178,1178,-1000
02/12/2016 10:50,SCH - HQ_CEDARS,325274,0,199,-100
02/12/2016 10:50,SCH - HQ_IMPORT_EXPORT,325376,919,1310,-9999
02/12/2016 10:50,SCH - NE - NY,23318,-620.62,1400,-1600
02/12/2016 10:50,SCH - NPX_1385,325277,93,200,-200
02/12/2016 10:50,SCH - NPX_CSC,325154,100,330,-330
02/12/2016 10:50,SCH - OH - NY,23317,1561.78,1900,-1900
02/12/2016 10:50,SCH - PJ - NY,23316,556.36,2600,-1300
02/12/2016 10:50,SCH - PJM_HTP,325905,0,0,0
02/12/2016 10:50,SCH - PJM_NEPTUNE,325305,660,660,-660
02/12/2016 10:50,SCH - PJM_VFT,325658,315,315,-315
02/12/2016 10:50,SPR/DUN-SOUTH,23320,3427.72,4600,-9999
02/12/2016 10:50,TOTAL EAST,23314,4726.48,6500,-9999
02/12/2016 10:50,UPNY CONED,23315,2984.04,5100,-9999
02/12/2016 10:50,WEST CENTRAL,23312,1337.81,9999,-9999
02/12/2016 10:55,CENTRAL EAST - VC,23330,2624.74,2725,-9999
02/12/2016 10:55,DYSINGER EAST,23326,2060.54,3150,-9999
02/12/2016 10:55,MOSES SOUTH,23319,1484.84,3000,-1600
02/12/2016 10:55,SCH - HQ - NY,23324,1178,1178,-1000
02/12/2016 10:55,SCH - HQ_CEDARS,325274,0,199,-100
02/12/2016 10:55,SCH - HQ_IMPORT_EXPORT,325376,919,1310,-9999
02/12/2016 10:55,SCH - NE - NY,23318,-620.95,1400,-1600
02/12/2016 10:55,SCH - NPX_1385,325277,93,200,-200
02/12/2016 10:55,SCH - NPX_CSC,325154,100,330,-330
02/12/2016 10:55,SCH - OH - NY,23317,1561.87,1900,-1900
02/12/2016 10:55,SCH - PJ - NY,23316,562.33,2600,-1300
02/12/2016 10:55,SCH - PJM_HTP,325905,0,0,0
02/12/2016 10:55,SCH - PJM_NEPTUNE,325305,660,660,-660
02/12/2016 10:55,SCH - PJM_VFT,325658,315,315,-315
02/12/2016 10:55,SPR/DUN-SOUTH,23320,3412.65,4600,-9999
02/12/2016 10:55,TOTAL EAST,23314,4808.53,6500,-9999
02/12/2016 10:55,UPNY CONED,23315,2961.39,5100,-9999
02/12/2016 10:55,WEST CENTRAL,23312,1360.28,9999,-9999
02/12/2016 11:00,CENTRAL EAST - VC,23330,2627.74,2725,-9999
02/12/2016 11:00,DYSINGER EAST,23326,2073.8,3150,-9999
02/12/2016 11:00,MOSES SOUTH,23319,1457.2,3000,-1600
02/12/2016 11:00,SCH - HQ - NY,23324,1157,1178,-1000
02/12/2016 11:00,SCH - HQ_CEDARS,325274,0,199,-100
02/12/2016 11:00,SCH - HQ_IMPORT_EXPORT,325376,898,1310,-9999
02/12/2016 11:00,SCH - NE - NY,23318,-692.45,1400,-1600
02/12/2016 11:00,SCH - NPX_1385,325277,121,200,-200
02/12/2016 11:00,SCH - NPX_CSC,325154,50,330,-330
02/12/2016 11:00,SCH - OH - NY,23317,1556.06,1900,-1900
02/12/2016 11:00,SCH - PJ - NY,23316,685.8,2600,-1300
02/12/2016 11:00,SCH - PJM_HTP,325905,0,0,0
02/12/2016 11:00,SCH - PJM_NEPTUNE,325305,660,660,-660
02/12/2016 11:00,SCH - PJM_VFT,325658,315,315,-315
02/12/2016 11:00,SPR/DUN-SOUTH,23320,3413.31,4600,-9999
02/12/2016 11:00,TOTAL EAST,23314,4966.53,6500,-9999
02/12/2016 11:00,UPNY CONED,23315,2992.68,5100,-9999
02/12/2016 11:00,WEST CENTRAL,23312,1376.33,9999,-9999
02/12/2016 11:05,CENTRAL EAST - VC,23330,2628.13,2725,-9999
02/12/2016 11:05,DYSINGER EAST,23326,2085.22,3150,-9999
02/12/2016 11:05,MOSES SOUTH,23319,1412.02,3000,-1600
02/12/2016 11:05,SCH - HQ - NY,23324,1137,1178,-1000
02/12/2016 11:05,SCH - HQ_CEDARS,325274,0,199,-100
02/12/2016 11:05,SCH - HQ_IMPORT_EXPORT,325376,878,1310,-9999
02/12/2016 11:05,SCH - NE - NY,23318,-764.39,1400,-1600
02/12/2016 11:05,SCH - NPX_1385,325277,149,200,-200
02/12/2016 11:05,SCH - NPX_CSC,325154,0,330,-330
02/12/2016 11:05,SCH - OH - NY,23317,1550.93,1900,-1900
02/12/2016 11:05,SCH - PJ - NY,23316,810.53,2600,-1300
02/12/2016 11:05,SCH - PJM_HTP,325905,0,0,0
02/12/2016 11:05,SCH - PJM_NEPTUNE,325305,660,660,-660
02/12/2016 11:05,SCH - PJM_VFT,325658,315,315,-315
02/12/2016 11:05,SPR/DUN-SOUTH,23320,3408.75,4600,-9999
02/12/2016 11:05,TOTAL EAST,23314,4999.56,6500,-9999
02/12/2016 11:05,UPNY CONED,23315,2988.64,5100,-9999
02/12/2016 11:05,WEST CENTRAL,23312,1384.18,9999,-9999
02/12/2016 11:10,CENTRAL EAST - VC,23330,2615.62,2725,-9999
02/12/2016 11:10,DYSINGER EAST,23326,2085.61,3150,-9999
02/12/2016 11:10,MOSES SOUTH,23319,1420.9,3000,-1600
02/12/2016 11:10,SCH - HQ - NY,23324,1137,1178,-1000
02/12/2016 11:10,SCH - HQ_CEDARS,325274,0,199,-100
02/12/2016 11:10,SCH - HQ_IMPORT_EXPORT,325376,878,1310,-9999
02/12/2016 11:10,SCH - NE - NY,23318,-763.45,1400,-1600
02/12/2016 11:10,SCH - NPX_1385,325277,149,200,-200
02/12/2016 11:10,SCH - NPX_CSC,325154,0,330,-330
02/12/2016 11:10,SCH - OH - NY,23317,1550.84,1900,-1900
02/12/2016 11:10,SCH - PJ - NY,23316,804.82,2600,-1300
02/12/2016 11:10,SCH - PJM_HTP,325905,0,0,0
02/12/2016 11:10,SCH - PJM_NEPTUNE,325305,660,660,-660
02/12/2016 11:10,SCH - PJM_VFT,325658,315,315,-315
02/12/2016 11:10,SPR/DUN-SOUTH,23320,3399.12,4600,-9999
02/12/2016 11:10,TOTAL EAST,23314,4819.57,6500,-9999
02/12/2016 11:10,UPNY CONED,23315,2960.15,5100,-9999
02/12/2016 11:10,WEST CENTRAL,23312,1383.98,9999,-9999
02/12/2016 11:15,CENTRAL EAST - VC,23330,2625.25,2725,-9999
02/12/2016 11:15,DYSINGER EAST,23326,2066.35,3150,-9999
02/12/2016 11:15,MOSES SOUTH,23319,1415.65,3000,-1600
02/12/2016 11:15,SCH - HQ - NY,23324,1137,1178,-1000
02/12/2016 11:15,SCH - HQ_CEDARS,325274,0,199,-100
02/12/2016 11:15,SCH - HQ_IMPORT_EXPORT,325376,878,1310,-9999
02/12/2016 11:15,SCH - NE - NY,23318,-717.62,1400,-1600
02/12/2016 11:15,SCH - NPX_1385,325277,149,200,-200
02/12/2016 11:15,SCH - NPX_CSC,325154,0,330,-330
02/12/2016 11:15,SCH - OH - NY,23317,1550.8,1900,-1900
02/12/2016 11:15,SCH - PJ - NY,23316,763.09,2600,-1300
02/12/2016 11:15,SCH - PJM_HTP,325905,0,0,0
02/12/2016 11:15,SCH - PJM_NEPTUNE,325305,660,660,-660
02/12/2016 11:15,SCH - PJM_VFT,325658,315,315,-315
02/12/2016 11:15,SPR/DUN-SOUTH,23320,3400.28,4600,-9999
02/12/2016 11:15,TOTAL EAST,23314,4960.44,6500,-9999
02/12/2016 11:15,UPNY CONED,23315,2974.47,5100,-9999
02/12/2016 11:15,WEST CENTRAL,23312,1366.57,9999,-9999
02/12/2016 11:20,CENTRAL EAST - VC,23330,2624.7,2725,-9999
02/12/2016 11:20,DYSINGER EAST,23326,2113.72,3150,-9999
02/12/2016 11:20,MOSES SOUTH,23319,1453.69,3000,-1600
02/12/2016 11:20,SCH - HQ - NY,23324,1137,1178,-1000
02/12/2016 11:20,SCH - HQ_CEDARS,325274,0,199,-100
02/12/2016 11:20,SCH - HQ_IMPORT_EXPORT,325376,878,1310,-9999
02/12/2016 11:20,SCH - NE - NY,23318,-673.22,1400,-1600
02/12/2016 11:20,SCH - NPX_1385,325277,149,200,-200
02/12/2016 11:20,SCH - NPX_CSC,325154,0,330,-330
02/12/2016 11:20,SCH - OH - NY,23317,1551.05,1900,-1900
02/12/2016 11:20,SCH - PJ - NY,23316,721.44,2600,-1300
02/12/2016 11:20,SCH - PJM_HTP,325905,0,0,0
02/12/2016 11:20,SCH - PJM_NEPTUNE,325305,660,660,-660
02/12/2016 11:20,SCH - PJM_VFT,325658,315,315,-315
02/12/2016 11:20,SPR/DUN-SOUTH,23320,3402.23,4600,-9999
02/12/2016 11:20,TOTAL EAST,23314,4835.19,6500,-9999
02/12/2016 11:20,UPNY CONED,23315,2970.21,5100,-9999
02/12/2016 11:20,WEST CENTRAL,23312,1414.86,9999,-9999
02/12/2016 11:25,CENTRAL EAST - VC,23330,2622.71,2725,-9999
02/12/2016 11:25,DYSINGER EAST,23326,2089.54,3150,-9999
02/12/2016 11:25,MOSES SOUTH,23319,1451.38,3000,-1600
02/12/2016 11:25,SCH - HQ - NY,23324,1137,1178,-1000
02/12/2016 11:25,SCH - HQ_CEDARS,325274,0,199,-100
02/12/2016 11:25,SCH - HQ_IMPORT_EXPORT,325376,878,1310,-9999
02/12/2016 11:25,SCH - NE - NY,23318,-673.67,1400,-1600
02/12/2016 11:25,SCH - NPX_1385,325277,149,200,-200
02/12/2016 11:25,SCH - NPX_CSC,325154,0,330,-330
02/12/2016 11:25,SCH - OH - NY,23317,1551.1,1900,-1900
02/12/2016 11:25,SCH - PJ - NY,23316,725.26,2600,-1300
02/12/2016 11:25,SCH - PJM_HTP,325905,0,0,0
02/12/2016 11:25,SCH - PJM_NEPTUNE,325305,660,660,-660
02/12/2016 11:25,SCH - PJM_VFT,325658,315,315,-315
02/12/2016 11:25,SPR/DUN-SOUTH,23320,3387.38,4600,-9999
02/12/2016 11:25,TOTAL EAST,23314,4952.69,6500,-9999
02/12/2016 11:25,UPNY CONED,23315,2965.18,5100,-9999
02/12/2016 11:25,WEST CENTRAL,23312,1394.91,9999,-9999
02/12/2016 11:30,CENTRAL EAST - VC,23330,2621.03,2725,-9999
02/12/2016 11:30,DYSINGER EAST,23326,2123.29,3150,-9999
02/12/2016 11:30,MOSES SOUTH,23319,1480.25,3000,-1600
02/12/2016 11:30,SCH - HQ - NY,23324,1137,1178,-1000
02/12/2016 11:30,SCH - HQ_CEDARS,325274,0,199,-100
02/12/2016 11:30,SCH - HQ_IMPORT_EXPORT,325376,878,1310,-9999
02/12/2016 11:30,SCH - NE - NY,23318,-652.57,1400,-1600
02/12/2016 11:30,SCH - NPX_1385,325277,149,200,-200
02/12/2016 11:30,SCH - NPX_CSC,325154,0,330,-330
02/12/2016 11:30,SCH - OH - NY,23317,1551.23,1900,-1900
02/12/2016 11:30,SCH - PJ - NY,23316,724.99,2600,-1300
02/12/2016 11:30,SCH - PJM_HTP,325905,0,0,0
02/12/2016 11:30,SCH - PJM_NEPTUNE,325305,660,660,-660
02/12/2016 11:30,SCH - PJM_VFT,325658,315,315,-315
02/12/2016 11:30,SPR/DUN-SOUTH,23320,3363.74,4600,-9999
02/12/2016 11:30,TOTAL EAST,23314,4865.6,6500,-9999
02/12/2016 11:30,UPNY CONED,23315,2935.74,5100,-9999
02/12/2016 11:30,WEST CENTRAL,23312,1430.07,9999,-9999
02/12/2016 11:35,CENTRAL EAST - VC,23330,2619.5,2725,-9999
02/12/2016 11:35,DYSINGER EAST,23326,2142.47,3150,-9999
02/12/2016 11:35,MOSES SOUTH,23319,1502.54,3000,-1600
02/12/2016 11:35,SCH - HQ - NY,23324,1137,1178,-1000
02/12/2016 11:35,SCH - HQ_CEDARS,325274,0,199,-100
02/12/2016 11:35,SCH - HQ_IMPORT_EXPORT,325376,878,1310,-9999
02/12/2016 11:35,SCH - NE - NY,23318,-632.77,1400,-1600
02/12/2016 11:35,SCH - NPX_1385,325277,149,200,-200
02/12/2016 11:35,SCH - NPX_CSC,325154,0,330,-330
02/12/2016 11:35,SCH - OH - NY,23317,1551.29,1900,-1900
02/12/2016 11:35,SCH - PJ - NY,23316,724.81,2600,-1300
02/12/2016 11:35,SCH - PJM_HTP,325905,0,0,0
02/12/2016 11:35,SCH - PJM_NEPTUNE,325305,660,660,-660
02/12/2016 11:35,SCH - PJM_VFT,325658,315,315,-315
02/12/2016 11:35,SPR/DUN-SOUTH,23320,3370.07,4600,-9999
02/12/2016 11:35,TOTAL EAST,23314,4827.54,6500,-9999
02/12/2016 11:35,UPNY CONED,23315,2943.29,5100,-9999
02/12/2016 11:35,WEST CENTRAL,23312,1452.17,9999,-9999
02/12/2016 11:40,CENTRAL EAST - VC,23330,2613.13,2725,-9999
02/12/2016 11:40,CENTRAL EAST - VC,23330,2589.55,2725,-9999
02/12/2016 11:40,DYSINGER EAST,23326,2127.68,3150,-9999
02/12/2016 11:40,DYSINGER EAST,23326,2031.72,3150,-9999
02/12/2016 11:40,MOSES SOUTH,23319,1502.6,3000,-1600
02/12/2016 11:40,MOSES SOUTH,23319,1572.19,3000,-1600
02/12/2016 11:40,SCH - HQ - NY,23324,1137,1178,-1000
02/12/2016 11:40,SCH - HQ - NY,23324,1137,1178,-1000
02/12/2016 11:40,SCH - HQ_CEDARS,325274,0,199,-100
02/12/2016 11:40,SCH - HQ_CEDARS,325274,0,199,-100
02/12/2016 11:40,SCH - HQ_IMPORT_EXPORT,325376,878,1310,-9999
02/12/2016 11:40,SCH - HQ_IMPORT_EXPORT,325376,878,1310,-9999
02/12/2016 11:40,SCH - NE - NY,23318,-632.3,1400,-1600
02/12/2016 11:40,SCH - NE - NY,23318,-632.18,1400,-1600
02/12/2016 11:40,SCH - NPX_1385,325277,149,200,-200
02/12/2016 11:40,SCH - NPX_1385,325277,149,200,-200
02/12/2016 11:40,SCH - NPX_CSC,325154,0,330,-330
02/12/2016 11:40,SCH - NPX_CSC,325154,0,330,-330
02/12/2016 11:40,SCH - OH - NY,23317,1551.28,1900,-1900
02/12/2016 11:40,SCH - OH - NY,23317,1551.13,1900,-1900
02/12/2016 11:40,SCH - PJ - NY,23316,725.35,2600,-1300
02/12/2016 11:40,SCH - PJ - NY,23316,725.39,2600,-1300
02/12/2016 11:40,SCH - PJM_HTP,325905,0,0,0
02/12/2016 11:40,SCH - PJM_HTP,325905,0,0,0
02/12/2016 11:40,SCH - PJM_NEPTUNE,325305,660,660,-660
02/12/2016 11:40,SCH - PJM_NEPTUNE,325305,660,660,-660
02/12/2016 11:40,SCH - PJM_VFT,325658,315,315,-315
02/12/2016 11:40,SCH - PJM_VFT,325658,315,315,-315
02/12/2016 11:40,SPR/DUN-SOUTH,23320,3168.48,4600,-9999
02/12/2016 11:40,SPR/DUN-SOUTH,23320,3292.78,4600,-9999
02/12/2016 11:40,TOTAL EAST,23314,4795.54,6500,-9999
02/12/2016 11:40,TOTAL EAST,23314,4821.75,6500,-9999
02/12/2016 11:40,UPNY CONED,23315,2732.37,5100,-9999
02/12/2016 11:40,UPNY CONED,23315,2855.12,5100,-9999
02/12/2016 11:40,WEST CENTRAL,23312,1444.17,9999,-9999
02/12/2016 11:40,WEST CENTRAL,23312,1354.68,9999,-9999
02/12/2016 11:42,CENTRAL EAST - VC,23330,2559.33,2725,-9999
02/12/2016 11:42,DYSINGER EAST,23326,1946.18,3150,-9999
02/12/2016 11:42,MOSES SOUTH,23319,1557.24,3000,-1600
02/12/2016 11:42,SCH - HQ - NY,23324,1137,1178,-1000
02/12/2016 11:42,SCH - HQ_CEDARS,325274,0,199,-100
02/12/2016 11:42,SCH - HQ_IMPORT_EXPORT,325376,878,1310,-9999
02/12/2016 11:42,SCH - NE - NY,23318,-628.31,1400,-1600
02/12/2016 11:42,SCH - NPX_1385,325277,149,200,-200
02/12/2016 11:42,SCH - NPX_CSC,325154,0,330,-330
02/12/2016 11:42,SCH - OH - NY,23317,1551.01,1900,-1900
02/12/2016 11:42,SCH - PJ - NY,23316,741.62,2600,-1300
02/12/2016 11:42,SCH - PJM_HTP,325905,0,0,0
02/12/2016 11:42,SCH - PJM_NEPTUNE,325305,660,660,-660
02/12/2016 11:42,SCH - PJM_VFT,325658,315,315,-315
02/12/2016 11:42,SPR/DUN-SOUTH,23320,3084.2,4600,-9999
02/12/2016 11:42,TOTAL EAST,23314,4732.42,6500,-9999
02/12/2016 11:42,UPNY CONED,23315,2639.14,5100,-9999
02/12/2016 11:42,WEST CENTRAL,23312,1272.26,9999,-9999
02/12/2016 11:50,CENTRAL EAST - VC,23330,2567.66,2725,-9999
02/12/2016 11:50,DYSINGER EAST,23326,1876.59,3150,-9999
02/12/2016 11:50,MOSES SOUTH,23319,1573.97,3000,-1600
02/12/2016 11:50,SCH - HQ - NY,23324,1137,1178,-1000
02/12/2016 11:50,SCH - HQ_CEDARS,325274,0,199,-100
02/12/2016 11:50,SCH - HQ_IMPORT_EXPORT,325376,878,1310,-9999
02/12/2016 11:50,SCH - NE - NY,23318,-616.34,1400,-1600
02/12/2016 11:50,SCH - NPX_1385,325277,149,200,-200
02/12/2016 11:50,SCH - NPX_CSC,325154,0,330,-330
02/12/2016 11:50,SCH - OH - NY,23317,1551.07,1900,-1900
02/12/2016 11:50,SCH - PJ - NY,23316,805.88,2600,-1300
02/12/2016 11:50,SCH - PJM_HTP,325905,0,0,0
02/12/2016 11:50,SCH - PJM_NEPTUNE,325305,660,660,-660
02/12/2016 11:50,SCH - PJM_VFT,325658,315,315,-315
02/12/2016 11:50,SPR/DUN-SOUTH,23320,3084.48,4600,-9999
02/12/2016 11:50,TOTAL EAST,23314,4687.24,6500,-9999
02/12/2016 11:50,UPNY CONED,23315,2652.24,5100,-9999
02/12/2016 11:50,WEST CENTRAL,23312,1210.18,9999,-9999
02/12/2016 11:55,CENTRAL EAST - VC,23330,2514.5,2725,-9999
02/12/2016 11:55,DYSINGER EAST,23326,1804.95,3150,-9999
02/12/2016 11:55,MOSES SOUTH,23319,1505.67,3000,-1600
02/12/2016 11:55,SCH - HQ - NY,23324,1137,1178,-1000
02/12/2016 11:55,SCH - HQ_CEDARS,325274,0,199,-100
02/12/2016 11:55,SCH - HQ_IMPORT_EXPORT,325376,878,1310,-9999
02/12/2016 11:55,SCH - NE - NY,23318,-616.66,1400,-1600
02/12/2016 11:55,SCH - NPX_1385,325277,149,200,-200
02/12/2016 11:55,SCH - NPX_CSC,325154,0,330,-330
02/12/2016 11:55,SCH - OH - NY,23317,1551.22,1900,-1900
02/12/2016 11:55,SCH - PJ - NY,23316,802.78,2600,-1300
02/12/2016 11:55,SCH - PJM_HTP,325905,0,0,0
02/12/2016 11:55,SCH - PJM_NEPTUNE,325305,660,660,-660
02/12/2016 11:55,SCH - PJM_VFT,325658,315,315,-315
02/12/2016 11:55,SPR/DUN-SOUTH,23320,2951.31,4600,-9999
02/12/2016 11:55,TOTAL EAST,23314,4515.12,6500,-9999
02/12/2016 11:55,UPNY CONED,23315,2536.98,5100,-9999
02/12/2016 11:55,WEST CENTRAL,23312,1135.43,9999,-9999
02/12/2016 12:00,CENTRAL EAST - VC,23330,2559.55,2725,-9999
02/12/2016 12:00,DYSINGER EAST,23326,1953.12,3150,-9999
02/12/2016 12:00,MOSES SOUTH,23319,1494.36,3000,-1600
02/12/2016 12:00,SCH - HQ - NY,23324,1154,1178,-1000
02/12/2016 12:00,SCH - HQ_CEDARS,325274,0,199,-100
02/12/2016 12:00,SCH - HQ_IMPORT_EXPORT,325376,895,1310,-9999
02/12/2016 12:00,SCH - NE - NY,23318,-517.05,1400,-1600
02/12/2016 12:00,SCH - NPX_1385,325277,99,200,-200
02/12/2016 12:00,SCH - NPX_CSC,325154,0,330,-330
02/12/2016 12:00,SCH - OH - NY,23317,1576.42,1900,-1900
02/12/2016 12:00,SCH - PJ - NY,23316,807.65,2600,-1300
02/12/2016 12:00,SCH - PJM_HTP,325905,0,0,0
02/12/2016 12:00,SCH - PJM_NEPTUNE,325305,660,660,-660
02/12/2016 12:00,SCH - PJM_VFT,325658,315,315,-315
02/12/2016 12:00,SPR/DUN-SOUTH,23320,2921.33,4600,-9999
02/12/2016 12:00,TOTAL EAST,23314,4552.26,6500,-9999
02/12/2016 12:00,UPNY CONED,23315,2567.62,5100,-9999
02/12/2016 12:00,WEST CENTRAL,23312,1274.86,9999,-9999
02/12/2016 12:05,CENTRAL EAST - VC,23330,2552.58,2725,-9999
02/12/2016 12:05,DYSINGER EAST,23326,1848.1,3150,-9999
02/12/2016 12:05,MOSES SOUTH,23319,1495.82,3000,-1600
02/12/2016 12:05,SCH - HQ - NY,23324,1172,1178,-1000
02/12/2016 12:05,SCH - HQ_CEDARS,325274,0,199,-100
02/12/2016 12:05,SCH - HQ_IMPORT_EXPORT,325376,913,1310,-9999
02/12/2016 12:05,SCH - NE - NY,23318,-417.6,1400,-1600
02/12/2016 12:05,SCH - NPX_1385,325277,50,200,-200
02/12/2016 12:05,SCH - NPX_CSC,325154,0,330,-330
02/12/2016 12:05,SCH - OH - NY,23317,1601.22,1900,-1900
02/12/2016 12:05,SCH - PJ - NY,23316,811.62,2600,-1300
02/12/2016 12:05,SCH - PJM_HTP,325905,0,0,0
02/12/2016 12:05,SCH - PJM_NEPTUNE,325305,660,660,-660
02/12/2016 12:05,SCH - PJM_VFT,325658,315,315,-315
02/12/2016 12:05,SPR/DUN-SOUTH,23320,2882.24,4600,-9999
02/12/2016 12:05,TOTAL EAST,23314,4432.32,6500,-9999
02/12/2016 12:05,UPNY CONED,23315,2526.58,5100,-9999
02/12/2016 12:05,WEST CENTRAL,23312,1171.66,9999,-9999
02/12/2016 12:10,CENTRAL EAST - VC,23330,2486.24,2725,-9999
02/12/2016 12:10,DYSINGER EAST,23326,1793.8,3150,-9999
02/12/2016 12:10,MOSES SOUTH,23319,1523.5,3000,-1600
02/12/2016 12:10,SCH - HQ - NY,23324,1172,1178,-1000
02/12/2016 12:10,SCH - HQ_CEDARS,325274,0,199,-100
02/12/2016 12:10,SCH - HQ_IMPORT_EXPORT,325376,913,1310,-9999
02/12/2016 12:10,SCH - NE - NY,23318,-417.79,1400,-1600
02/12/2016 12:10,SCH - NPX_1385,325277,50,200,-200
02/12/2016 12:10,SCH - NPX_CSC,325154,0,330,-330
02/12/2016 12:10,SCH - OH - NY,23317,1601.35,1900,-1900
02/12/2016 12:10,SCH - PJ - NY,23316,811.98,2600,-1300
02/12/2016 12:10,SCH - PJM_HTP,325905,0,0,0
02/12/2016 12:10,SCH - PJM_NEPTUNE,325305,660,660,-660
02/12/2016 12:10,SCH - PJM_VFT,325658,315,315,-315
02/12/2016 12:10,SPR/DUN-SOUTH,23320,2815.34,4600,-9999
02/12/2016 12:10,TOTAL EAST,23314,4420.34,6500,-9999
02/12/2016 12:10,UPNY CONED,23315,2449.3,5100,-9999
02/12/2016 12:10,WEST CENTRAL,23312,1127.94,9999,-9999
02/12/2016 12:15,CENTRAL EAST - VC,23330,2491.08,2725,-9999
02/12/2016 12:15,DYSINGER EAST,23326,1835.63,3150,-9999
02/12/2016 12:15,MOSES SOUTH,23319,1508.12,3000,-1600
02/12/2016 12:15,SCH - HQ - NY,23324,1172,1178,-1000
02/12/2016 12:15,SCH - HQ_CEDARS,325274,0,199,-100
02/12/2016 12:15,SCH - HQ_IMPORT_EXPORT,325376,913,1310,-9999
02/12/2016 12:15,SCH - NE - NY,23318,-517.23,1400,-1600
02/12/2016 12:15,SCH - NPX_1385,325277,50,200,-200
02/12/2016 12:15,SCH - NPX_CSC,325154,0,330,-330
02/12/2016 12:15,SCH - OH - NY,23317,1601.46,1900,-1900
02/12/2016 12:15,SCH - PJ - NY,23316,781.29,2600,-1300
02/12/2016 12:15,SCH - PJM_HTP,325905,0,0,0
02/12/2016 12:15,SCH - PJM_NEPTUNE,325305,660,660,-660
02/12/2016 12:15,SCH - PJM_VFT,325658,315,315,-315
02/12/2016 12:15,SPR/DUN-SOUTH,23320,2819.25,4600,-9999
02/12/2016 12:15,TOTAL EAST,23314,4462.32,6500,-9999
02/12/2016 12:15,UPNY CONED,23315,2455.31,5100,-9999
02/12/2016 12:15,WEST CENTRAL,23312,1174.03,9999,-9999
02/12/2016 12:20,CENTRAL EAST - VC,23330,2519.1,2725,-9999
02/12/2016 12:20,DYSINGER EAST,23326,1841.23,3150,-9999
02/12/2016 12:20,MOSES SOUTH,23319,1496.8,3000,-1600
02/12/2016 12:20,SCH - HQ - NY,23324,1172,1178,-1000
02/12/2016 12:20,SCH - HQ_CEDARS,325274,0,199,-100
02/12/2016 12:20,SCH - HQ_IMPORT_EXPORT,325376,913,1310,-9999
02/12/2016 12:20,SCH - NE - NY,23318,-616.04,1400,-1600
02/12/2016 12:20,SCH - NPX_1385,325277,50,200,-200
02/12/2016 12:20,SCH - NPX_CSC,325154,0,330,-330
02/12/2016 12:20,SCH - OH - NY,23317,1601.34,1900,-1900
02/12/2016 12:20,SCH - PJ - NY,23316,751.87,2600,-1300
02/12/2016 12:20,SCH - PJM_HTP,325905,0,0,0
02/12/2016 12:20,SCH - PJM_NEPTUNE,325305,660,660,-660
02/12/2016 12:20,SCH - PJM_VFT,325658,315,315,-315
02/12/2016 12:20,SPR/DUN-SOUTH,23320,2824.36,4600,-9999
02/12/2016 12:20,TOTAL EAST,23314,4439.74,6500,-9999
02/12/2016 12:20,UPNY CONED,23315,2396.35,5100,-9999
02/12/2016 12:20,WEST CENTRAL,23312,1179.9,9999,-9999
02/12/2016 12:25,CENTRAL EAST - VC,23330,2520.03,2665,-9999
02/12/2016 12:25,DYSINGER EAST,23326,1811.27,3150,-9999
02/12/2016 12:25,MOSES SOUTH,23319,1490.79,3000,-1600
02/12/2016 12:25,SCH - HQ - NY,23324,1172,1178,-1000
02/12/2016 12:25,SCH - HQ_CEDARS,325274,0,199,-100
02/12/2016 12:25,SCH - HQ_IMPORT_EXPORT,325376,913,1310,-9999
02/12/2016 12:25,SCH - NE - NY,23318,-616.61,1400,-1600
02/12/2016 12:25,SCH - NPX_1385,325277,50,200,-200
02/12/2016 12:25,SCH - NPX_CSC,325154,0,330,-330
02/12/2016 12:25,SCH - OH - NY,23317,1601.42,1900,-1900
02/12/2016 12:25,SCH - PJ - NY,23316,752.22,2600,-1300
02/12/2016 12:25,SCH - PJM_HTP,325905,0,0,0
02/12/2016 12:25,SCH - PJM_NEPTUNE,325305,660,660,-660
02/12/2016 12:25,SCH - PJM_VFT,325658,315,315,-315
02/12/2016 12:25,SPR/DUN-SOUTH,23320,2818.74,4600,-9999
02/12/2016 12:25,TOTAL EAST,23314,4443.06,6500,-9999
02/12/2016 12:25,UPNY CONED,23315,2375.51,5100,-9999
02/12/2016 12:25,WEST CENTRAL,23312,1157.42,9999,-9999
02/12/2016 12:30,CENTRAL EAST - VC,23330,2557.59,2665,-9999
02/12/2016 12:30,DYSINGER EAST,23326,1909.72,3150,-9999
02/12/2016 12:30,MOSES SOUTH,23319,1437.07,3000,-1600
02/12/2016 12:30,SCH - HQ - NY,23324,1172,1178,-1000
02/12/2016 12:30,SCH - HQ_CEDARS,325274,0,199,-100
02/12/2016 12:30,SCH - HQ_IMPORT_EXPORT,325376,913,1310,-9999
02/12/2016 12:30,SCH - NE - NY,23318,-716.19,1400,-1600
02/12/2016 12:30,SCH - NPX_1385,325277,50,200,-200
02/12/2016 12:30,SCH - NPX_CSC,325154,0,330,-330
02/12/2016 12:30,SCH - OH - NY,23317,1601.57,1900,-1900
02/12/2016 12:30,SCH - PJ - NY,23316,729.17,2600,-1300
02/12/2016 12:30,SCH - PJM_HTP,325905,0,0,0
02/12/2016 12:30,SCH - PJM_NEPTUNE,325305,660,660,-660
02/12/2016 12:30,SCH - PJM_VFT,325658,315,315,-315
02/12/2016 12:30,SPR/DUN-SOUTH,23320,2842.76,4600,-9999
02/12/2016 12:30,TOTAL EAST,23314,4446.81,6500,-9999
02/12/2016 12:30,UPNY CONED,23315,2350.7,5100,-9999
02/12/2016 12:30,WEST CENTRAL,23312,1260.27,9999,-9999
02/12/2016 12:35,CENTRAL EAST - VC,23330,2555.05,2665,-9999
02/12/2016 12:35,DYSINGER EAST,23326,1866.42,3150,-9999
02/12/2016 12:35,MOSES SOUTH,23319,1412.38,3000,-1600
02/12/2016 12:35,SCH - HQ - NY,23324,1172,1178,-1000
02/12/2016 12:35,SCH - HQ_CEDARS,325274,0,199,-100
02/12/2016 12:35,SCH - HQ_IMPORT_EXPORT,325376,913,1310,-9999
02/12/2016 12:35,SCH - NE - NY,23318,-815.24,1400,-1600
02/12/2016 12:35,SCH - NPX_1385,325277,50,200,-200
02/12/2016 12:35,SCH - NPX_CSC,325154,0,330,-330
02/12/2016 12:35,SCH - OH - NY,23317,1601.59,1900,-1900
02/12/2016 12:35,SCH - PJ - NY,23316,707.62,2600,-1300
02/12/2016 12:35,SCH - PJM_HTP,325905,0,0,0
02/12/2016 12:35,SCH - PJM_NEPTUNE,325305,660,660,-660
02/12/2016 12:35,SCH - PJM_VFT,325658,315,315,-315
02/12/2016 12:35,SPR/DUN-SOUTH,23320,2839.68,4600,-9999
02/12/2016 12:35,TOTAL EAST,23314,4331.93,6500,-9999
02/12/2016 12:35,UPNY CONED,23315,2319.32,5100,-9999
02/12/2016 12:35,WEST CENTRAL,23312,1219.39,9999,-9999
02/12/2016 12:40,CENTRAL EAST - VC,23330,2558.25,2665,-9999
02/12/2016 12:40,DYSINGER EAST,23326,1917.28,3150,-9999
02/12/2016 12:40,MOSES SOUTH,23319,1423.05,3000,-1600
02/12/2016 12:40,SCH - HQ - NY,23324,1172,1178,-1000
02/12/2016 12:40,SCH - HQ_CEDARS,325274,0,199,-100
02/12/2016 12:40,SCH - HQ_IMPORT_EXPORT,325376,913,1310,-9999
02/12/2016 12:40,SCH - NE - NY,23318,-815.62,1400,-1600
02/12/2016 12:40,SCH - NPX_1385,325277,50,200,-200
02/12/2016 12:40,SCH - NPX_CSC,325154,0,330,-330
02/12/2016 12:40,SCH - OH - NY,23317,1601.65,1900,-1900
02/12/2016 12:40,SCH - PJ - NY,23316,705.76,2600,-1300
02/12/2016 12:40,SCH - PJM_HTP,325905,0,0,0
02/12/2016 12:40,SCH - PJM_NEPTUNE,325305,660,660,-660
02/12/2016 12:40,SCH - PJM_VFT,325658,315,315,-315
02/12/2016 12:40,SPR/DUN-SOUTH,23320,2865.62,4600,-9999
02/12/2016 12:40,TOTAL EAST,23314,4402.93,6500,-9999
02/12/2016 12:40,UPNY CONED,23315,2350.91,5100,-9999
02/12/2016 12:40,WEST CENTRAL,23312,1273,9999,-9999
02/12/2016 12:45,CENTRAL EAST - VC,23330,2558.28,2665,-9999
02/12/2016 12:45,DYSINGER EAST,23326,1864.47,3150,-9999
02/12/2016 12:45,MOSES SOUTH,23319,1458.54,3000,-1600
02/12/2016 12:45,SCH - HQ - NY,23324,1172,1178,-1000
02/12/2016 12:45,SCH - HQ_CEDARS,325274,0,199,-100
02/12/2016 12:45,SCH - HQ_IMPORT_EXPORT,325376,913,1310,-9999
02/12/2016 12:45,SCH - NE - NY,23318,-823.17,1400,-1600
02/12/2016 12:45,SCH - NPX_1385,325277,50,200,-200
02/12/2016 12:45,SCH - NPX_CSC,325154,0,330,-330
02/12/2016 12:45,SCH - OH - NY,23317,1601.62,1900,-1900
02/12/2016 12:45,SCH - PJ - NY,23316,695.45,2600,-1300
02/12/2016 12:45,SCH - PJM_HTP,325905,0,0,0
02/12/2016 12:45,SCH - PJM_NEPTUNE,325305,660,660,-660
02/12/2016 12:45,SCH - PJM_VFT,325658,315,315,-315
02/12/2016 12:45,SPR/DUN-SOUTH,23320,2861.2,4600,-9999
02/12/2016 12:45,TOTAL EAST,23314,4402.2,6500,-9999
02/12/2016 12:45,UPNY CONED,23315,2342.15,5100,-9999
02/12/2016 12:45,WEST CENTRAL,23312,1222.01,9999,-9999
02/12/2016 12:50,CENTRAL EAST - VC,23330,2559.24,2665,-9999
02/12/2016 12:50,DYSINGER EAST,23326,1835.75,3150,-9999
02/12/2016 12:50,MOSES SOUTH,23319,1449.93,3000,-1600
02/12/2016 12:50,SCH - HQ - NY,23324,1172,1178,-1000
02/12/2016 12:50,SCH - HQ_CEDARS,325274,0,199,-100
02/12/2016 12:50,SCH - HQ_IMPORT_EXPORT,325376,913,1310,-9999
02/12/2016 12:50,SCH - NE - NY,23318,-829.8,1400,-1600
02/12/2016 12:50,SCH - NPX_1385,325277,50,200,-200
02/12/2016 12:50,SCH - NPX_CSC,325154,0,330,-330
02/12/2016 12:50,SCH - OH - NY,23317,1601.51,1900,-1900
02/12/2016 12:50,SCH - PJ - NY,23316,678.85,2600,-1300
02/12/2016 12:50,SCH - PJM_HTP,325905,0,0,0
02/12/2016 12:50,SCH - PJM_NEPTUNE,325305,660,660,-660
02/12/2016 12:50,SCH - PJM_VFT,325658,315,315,-315
02/12/2016 12:50,SPR/DUN-SOUTH,23320,2880.62,4600,-9999
02/12/2016 12:50,TOTAL EAST,23314,4376.36,6500,-9999
02/12/2016 12:50,UPNY CONED,23315,2364.71,5100,-9999
02/12/2016 12:50,WEST CENTRAL,23312,1195.03,9999,-9999
02/12/2016 12:55,CENTRAL EAST - VC,23330,2555.97,2665,-9999
02/12/2016 12:55,DYSINGER EAST,23326,1793.13,3150,-9999
02/12/2016 12:55,MOSES SOUTH,23319,1442.96,3000,-1600
02/12/2016 12:55,SCH - HQ - NY,23324,1172,1178,-1000
02/12/2016 12:55,SCH - HQ_CEDARS,325274,0,199,-100
02/12/2016 12:55,SCH - HQ_IMPORT_EXPORT,325376,913,1310,-9999
02/12/2016 12:55,SCH - NE - NY,23318,-829.3,1400,-1600
02/12/2016 12:55,SCH - NPX_1385,325277,50,200,-200
02/12/2016 12:55,SCH - NPX_CSC,325154,0,330,-330
02/12/2016 12:55,SCH - OH - NY,23317,1601.29,1900,-1900
02/12/2016 12:55,SCH - PJ - NY,23316,680.08,2600,-1300
02/12/2016 12:55,SCH - PJM_HTP,325905,0,0,0
02/12/2016 12:55,SCH - PJM_NEPTUNE,325305,660,660,-660
02/12/2016 12:55,SCH - PJM_VFT,325658,315,315,-315
02/12/2016 12:55,SPR/DUN-SOUTH,23320,2921.28,4600,-9999
02/12/2016 12:55,TOTAL EAST,23314,4377.1,6500,-9999
02/12/2016 12:55,UPNY CONED,23315,2419.73,5100,-9999
02/12/2016 12:55,WEST CENTRAL,23312,1153.05,9999,-9999
02/12/2016 13:00,CENTRAL EAST - VC,23330,2565.36,2665,-9999
02/12/2016 13:00,DYSINGER EAST,23326,1825.95,3150,-9999
02/12/2016 13:00,MOSES SOUTH,23319,1437.34,3000,-1600
02/12/2016 13:00,SCH - HQ - NY,23324,1158,1178,-1000
02/12/2016 13:00,SCH - HQ_CEDARS,325274,0,199,-100
02/12/2016 13:00,SCH - HQ_IMPORT_EXPORT,325376,899,1310,-9999
02/12/2016 13:00,SCH - NE - NY,23318,-781.49,1400,-1600
02/12/2016 13:00,SCH - NPX_1385,325277,29,200,-200
02/12/2016 13:00,SCH - NPX_CSC,325154,0,330,-330
02/12/2016 13:00,SCH - OH - NY,23317,1576.38,1900,-1900
02/12/2016 13:00,SCH - PJ - NY,23316,634.37,2600,-1300
02/12/2016 13:00,SCH - PJM_HTP,325905,0,0,0
02/12/2016 13:00,SCH - PJM_NEPTUNE,325305,660,660,-660
02/12/2016 13:00,SCH - PJM_VFT,325658,315,315,-315
02/12/2016 13:00,SPR/DUN-SOUTH,23320,2916.98,4600,-9999
02/12/2016 13:00,TOTAL EAST,23314,4355.41,6500,-9999
02/12/2016 13:00,UPNY CONED,23315,2455.54,5100,-9999
02/12/2016 13:00,WEST CENTRAL,23312,1180.62,9999,-9999
02/12/2016 13:05,CENTRAL EAST - VC,23330,2564.52,2665,-9999
02/12/2016 13:05,DYSINGER EAST,23326,1951.92,3150,-9999
02/12/2016 13:05,MOSES SOUTH,23319,1420.15,3000,-1600
02/12/2016 13:05,SCH - HQ - NY,23324,1145,1178,-1000
02/12/2016 13:05,SCH - HQ_CEDARS,325274,0,199,-100
02/12/2016 13:05,SCH - HQ_IMPORT_EXPORT,325376,886,1310,-9999
02/12/2016 13:05,SCH - NE - NY,23318,-735.15,1400,-1600
02/12/2016 13:05,SCH - NPX_1385,325277,9,200,-200
02/12/2016 13:05,SCH - NPX_CSC,325154,0,330,-330
02/12/2016 13:05,SCH - OH - NY,23317,1551.72,1900,-1900
02/12/2016 13:05,SCH - PJ - NY,23316,588.7,2600,-1300
02/12/2016 13:05,SCH - PJM_HTP,325905,0,0,0
02/12/2016 13:05,SCH - PJM_NEPTUNE,325305,660,660,-660
02/12/2016 13:05,SCH - PJM_VFT,325658,315,315,-315
02/12/2016 13:05,SPR/DUN-SOUTH,23320,2935.49,4600,-9999
02/12/2016 13:05,TOTAL EAST,23314,4435.22,6500,-9999
02/12/2016 13:05,UPNY CONED,23315,2498.83,5100,-9999
02/12/2016 13:05,WEST CENTRAL,23312,1297.94,9999,-9999
02/12/2016 13:10,CENTRAL EAST - VC,23330,2557.05,2665,-9999
02/12/2016 13:10,DYSINGER EAST,23326,1972.84,3150,-9999
02/12/2016 13:10,MOSES SOUTH,23319,1422.64,3000,-1600
02/12/2016 13:10,SCH - HQ - NY,23324,1145,1178,-1000
02/12/2016 13:10,SCH - HQ_CEDARS,325274,0,199,-100
02/12/2016 13:10,SCH - HQ_IMPORT_EXPORT,325376,886,1310,-9999
02/12/2016 13:10,SCH - NE - NY,23318,-735.27,1400,-1600
02/12/2016 13:10,SCH - NPX_1385,325277,10,200,-200
02/12/2016 13:10,SCH - NPX_CSC,325154,0,330,-330
02/12/2016 13:10,SCH - OH - NY,23317,1551.58,1900,-1900
02/12/2016 13:10,SCH - PJ - NY,23316,590.38,2600,-1300
02/12/2016 13:10,SCH - PJM_HTP,325905,0,0,0
02/12/2016 13:10,SCH - PJM_NEPTUNE,325305,660,660,-660
02/12/2016 13:10,SCH - PJM_VFT,325658,315,315,-315
02/12/2016 13:10,SPR/DUN-SOUTH,23320,2909.93,4600,-9999
02/12/2016 13:10,TOTAL EAST,23314,4441.24,6500,-9999
02/12/2016 13:10,UPNY CONED,23315,2499.09,5100,-9999
02/12/2016 13:10,WEST CENTRAL,23312,1316.79,9999,-9999
02/12/2016 13:15,CENTRAL EAST - VC,23330,2556.65,2665,-9999
02/12/2016 13:15,DYSINGER EAST,23326,1963.98,3150,-9999
02/12/2016 13:15,MOSES SOUTH,23319,1406.52,3000,-1600
02/12/2016 13:15,SCH - HQ - NY,23324,1145,1178,-1000
02/12/2016 13:15,SCH - HQ_CEDARS,325274,0,199,-100
02/12/2016 13:15,SCH - HQ_IMPORT_EXPORT,325376,886,1310,-9999
02/12/2016 13:15,SCH - NE - NY,23318,-726.38,1400,-1600
02/12/2016 13:15,SCH - NPX_1385,325277,10,200,-200
02/12/2016 13:15,SCH - NPX_CSC,325154,0,330,-330
02/12/2016 13:15,SCH - OH - NY,23317,1551.47,1900,-1900
02/12/2016 13:15,SCH - PJ - NY,23316,590.95,2600,-1300
02/12/2016 13:15,SCH - PJM_HTP,325905,0,0,0
02/12/2016 13:15,SCH - PJM_NEPTUNE,325305,660,660,-660
02/12/2016 13:15,SCH - PJM_VFT,325658,315,315,-315
02/12/2016 13:15,SPR/DUN-SOUTH,23320,2915.18,4600,-9999
02/12/2016 13:15,TOTAL EAST,23314,4479.67,6500,-9999
02/12/2016 13:15,UPNY CONED,23315,2562.22,5100,-9999
02/12/2016 13:15,WEST CENTRAL,23312,1314.47,9999,-9999
02/12/2016 13:20,CENTRAL EAST - VC,23330,2554.33,2665,-9999
02/12/2016 13:20,DYSINGER EAST,23326,1903.84,3150,-9999
02/12/2016 13:20,MOSES SOUTH,23319,1462.46,3000,-1600
02/12/2016 13:20,SCH - HQ - NY,23324,1145,1178,-1000
02/12/2016 13:20,SCH - HQ_CEDARS,325274,0,199,-100
02/12/2016 13:20,SCH - HQ_IMPORT_EXPORT,325376,886,1310,-9999
02/12/2016 13:20,SCH - NE - NY,23318,-718.35,1400,-1600
02/12/2016 13:20,SCH - NPX_1385,325277,10,200,-200
02/12/2016 13:20,SCH - NPX_CSC,325154,0,330,-330
02/12/2016 13:20,SCH - OH - NY,23317,1551.13,1900,-1900
02/12/2016 13:20,SCH - PJ - NY,23316,591.68,2600,-1300
02/12/2016 13:20,SCH - PJM_HTP,325905,0,0,0
02/12/2016 13:20,SCH - PJM_NEPTUNE,325305,660,660,-660
02/12/2016 13:20,SCH - PJM_VFT,325658,315,315,-315
02/12/2016 13:20,SPR/DUN-SOUTH,23320,2894.03,4600,-9999
02/12/2016 13:20,TOTAL EAST,23314,4538.32,6500,-9999
02/12/2016 13:20,UPNY CONED,23315,2515.84,5100,-9999
02/12/2016 13:20,WEST CENTRAL,23312,1264.27,9999,-9999
02/12/2016 13:25,CENTRAL EAST - VC,23330,2554.68,2665,-9999
02/12/2016 13:25,DYSINGER EAST,23326,1897.03,3150,-9999
02/12/2016 13:25,MOSES SOUTH,23319,1458.28,3000,-1600
02/12/2016 13:25,SCH - HQ - NY,23324,1145,1178,-1000
02/12/2016 13:25,SCH - HQ_CEDARS,325274,0,199,-100
02/12/2016 13:25,SCH - HQ_IMPORT_EXPORT,325376,886,1310,-9999
02/12/2016 13:25,SCH - NE - NY,23318,-718.23,1400,-1600
02/12/2016 13:25,SCH - NPX_1385,325277,10,200,-200
02/12/2016 13:25,SCH - NPX_CSC,325154,0,330,-330
02/12/2016 13:25,SCH - OH - NY,23317,1551.14,1900,-1900
02/12/2016 13:25,SCH - PJ - NY,23316,588.53,2600,-1300
02/12/2016 13:25,SCH - PJM_HTP,325905,0,0,0
02/12/2016 13:25,SCH - PJM_NEPTUNE,325305,660,660,-660
02/12/2016 13:25,SCH - PJM_VFT,325658,315,315,-315
02/12/2016 13:25,SPR/DUN-SOUTH,23320,2899.96,4600,-9999
02/12/2016 13:25,TOTAL EAST,23314,4543.12,6500,-9999
02/12/2016 13:25,UPNY CONED,23315,2496.94,5100,-9999
02/12/2016 13:25,WEST CENTRAL,23312,1258.11,9999,-9999
02/12/2016 13:30,CENTRAL EAST - VC,23330,2560.64,2665,-9999
02/12/2016 13:30,DYSINGER EAST,23326,1982.05,3150,-9999
02/12/2016 13:30,MOSES SOUTH,23319,1422.14,3000,-1600
02/12/2016 13:30,SCH - HQ - NY,23324,1145,1178,-1000
02/12/2016 13:30,SCH - HQ_CEDARS,325274,0,199,-100
02/12/2016 13:30,SCH - HQ_IMPORT_EXPORT,325376,886,1310,-9999
02/12/2016 13:30,SCH - NE - NY,23318,-693.54,1400,-1600
02/12/2016 13:30,SCH - NPX_1385,325277,10,200,-200
02/12/2016 13:30,SCH - NPX_CSC,325154,0,330,-330
02/12/2016 13:30,SCH - OH - NY,23317,1550.98,1900,-1900
02/12/2016 13:30,SCH - PJ - NY,23316,589,2600,-1300
02/12/2016 13:30,SCH - PJM_HTP,325905,0,0,0
02/12/2016 13:30,SCH - PJM_NEPTUNE,325305,660,660,-660
02/12/2016 13:30,SCH - PJM_VFT,325658,315,315,-315
02/12/2016 13:30,SPR/DUN-SOUTH,23320,2901.28,4600,-9999
02/12/2016 13:30,TOTAL EAST,23314,4660.71,6500,-9999
02/12/2016 13:30,UPNY CONED,23315,2571.06,5100,-9999
02/12/2016 13:30,WEST CENTRAL,23312,1334.34,9999,-9999
02/12/2016 13:35,CENTRAL EAST - VC,23330,2550.46,2665,-9999
02/12/2016 13:35,DYSINGER EAST,23326,1951.71,3150,-9999
02/12/2016 13:35,MOSES SOUTH,23319,1475.25,3000,-1600
02/12/2016 13:35,SCH - HQ - NY,23324,1145,1178,-1000
02/12/2016 13:35,SCH - HQ_CEDARS,325274,0,199,-100
02/12/2016 13:35,SCH - HQ_IMPORT_EXPORT,325376,886,1310,-9999
02/12/2016 13:35,SCH - NE - NY,23318,-669.92,1400,-1600
02/12/2016 13:35,SCH - NPX_1385,325277,10,200,-200
02/12/2016 13:35,SCH - NPX_CSC,325154,0,330,-330
02/12/2016 13:35,SCH - OH - NY,23317,1551.01,1900,-1900
02/12/2016 13:35,SCH - PJ - NY,23316,590.03,2600,-1300
02/12/2016 13:35,SCH - PJM_HTP,325905,0,0,0
02/12/2016 13:35,SCH - PJM_NEPTUNE,325305,660,660,-660
02/12/2016 13:35,SCH - PJM_VFT,325658,315,315,-315
02/12/2016 13:35,SPR/DUN-SOUTH,23320,2896.42,4600,-9999
02/12/2016 13:35,TOTAL EAST,23314,4688.67,6500,-9999
02/12/2016 13:35,UPNY CONED,23315,2553.25,5100,-9999
02/12/2016 13:35,WEST CENTRAL,23312,1306.86,9999,-9999
02/12/2016 13:40,CENTRAL EAST - VC,23330,2544.04,2665,-9999
02/12/2016 13:40,DYSINGER EAST,23326,1919.77,3150,-9999
02/12/2016 13:40,MOSES SOUTH,23319,1465.24,3000,-1600
02/12/2016 13:40,SCH - HQ - NY,23324,1145,1178,-1000
02/12/2016 13:40,SCH - HQ_CEDARS,325274,0,199,-100
02/12/2016 13:40,SCH - HQ_IMPORT_EXPORT,325376,886,1310,-9999
02/12/2016 13:40,SCH - NE - NY,23318,-669.78,1400,-1600
02/12/2016 13:40,SCH - NPX_1385,325277,10,200,-200
02/12/2016 13:40,SCH - NPX_CSC,325154,0,330,-330
02/12/2016 13:40,SCH - OH - NY,23317,1550.9,1900,-1900
02/12/2016 13:40,SCH - PJ - NY,23316,590.78,2600,-1300
02/12/2016 13:40,SCH - PJM_HTP,325905,0,0,0
02/12/2016 13:40,SCH - PJM_NEPTUNE,325305,660,660,-660
02/12/2016 13:40,SCH - PJM_VFT,325658,315,315,-315
02/12/2016 13:40,SPR/DUN-SOUTH,23320,2896.41,4600,-9999
02/12/2016 13:40,TOTAL EAST,23314,4702.97,6500,-9999
02/12/2016 13:40,UPNY CONED,23315,2544.53,5100,-9999
02/12/2016 13:40,WEST CENTRAL,23312,1278.93,9999,-9999
02/12/2016 13:45,CENTRAL EAST - VC,23330,2548.51,2665,-9999
02/12/2016 13:45,DYSINGER EAST,23326,1870.99,3150,-9999
02/12/2016 13:45,MOSES SOUTH,23319,1488.41,3000,-1600
02/12/2016 13:45,SCH - HQ - NY,23324,1145,1178,-1000
02/12/2016 13:45,SCH - HQ_CEDARS,325274,0,199,-100
02/12/2016 13:45,SCH - HQ_IMPORT_EXPORT,325376,886,1310,-9999
02/12/2016 13:45,SCH - NE - NY,23318,-662.63,1400,-1600
02/12/2016 13:45,SCH - NPX_1385,325277,10,200,-200
02/12/2016 13:45,SCH - NPX_CSC,325154,0,330,-330
02/12/2016 13:45,SCH - OH - NY,23317,1550.85,1900,-1900
02/12/2016 13:45,SCH - PJ - NY,23316,592.64,2600,-1300
02/12/2016 13:45,SCH - PJM_HTP,325905,0,0,0
02/12/2016 13:45,SCH - PJM_NEPTUNE,325305,660,660,-660
02/12/2016 13:45,SCH - PJM_VFT,325658,315,315,-315
02/12/2016 13:45,SPR/DUN-SOUTH,23320,2904.68,4600,-9999
02/12/2016 13:45,TOTAL EAST,23314,4671.37,6500,-9999
02/12/2016 13:45,UPNY CONED,23315,2547.61,5100,-9999
02/12/2016 13:45,WEST CENTRAL,23312,1234.65,9999,-9999
02/12/2016 13:50,CENTRAL EAST - VC,23330,2559.06,2665,-9999
02/12/2016 13:50,DYSINGER EAST,23326,1938.92,3150,-9999
02/12/2016 13:50,MOSES SOUTH,23319,1456.44,3000,-1600
02/12/2016 13:50,SCH - HQ - NY,23324,1145,1178,-1000
02/12/2016 13:50,SCH - HQ_CEDARS,325274,0,199,-100
02/12/2016 13:50,SCH - HQ_IMPORT_EXPORT,325376,886,1310,-9999
02/12/2016 13:50,SCH - NE - NY,23318,-656.85,1400,-1600
02/12/2016 13:50,SCH - NPX_1385,325277,10,200,-200
02/12/2016 13:50,SCH - NPX_CSC,325154,0,330,-330
02/12/2016 13:50,SCH - OH - NY,23317,1550.82,1900,-1900
02/12/2016 13:50,SCH - PJ - NY,23316,589.86,2600,-1300
02/12/2016 13:50,SCH - PJM_HTP,325905,0,0,0
02/12/2016 13:50,SCH - PJM_NEPTUNE,325305,660,660,-660
02/12/2016 13:50,SCH - PJM_VFT,325658,315,315,-315
02/12/2016 13:50,SPR/DUN-SOUTH,23320,2886.67,4600,-9999
02/12/2016 13:50,TOTAL EAST,23314,4748.73,6500,-9999
02/12/2016 13:50,UPNY CONED,23315,2615.89,5100,-9999
02/12/2016 13:50,WEST CENTRAL,23312,1299.19,9999,-9999
02/12/2016 13:55,CENTRAL EAST - VC,23330,2555.11,2665,-9999
02/12/2016 13:55,DYSINGER EAST,23326,1908.3,3150,-9999
02/12/2016 13:55,MOSES SOUTH,23319,1455.99,3000,-1600
02/12/2016 13:55,SCH - HQ - NY,23324,1145,1178,-1000
02/12/2016 13:55,SCH - HQ_CEDARS,325274,0,199,-100
02/12/2016 13:55,SCH - HQ_IMPORT_EXPORT,325376,886,1310,-9999
02/12/2016 13:55,SCH - NE - NY,23318,-656.61,1400,-1600
02/12/2016 13:55,SCH - NPX_1385,325277,10,200,-200
02/12/2016 13:55,SCH - NPX_CSC,325154,0,330,-330
02/12/2016 13:55,SCH - OH - NY,23317,1550.99,1900,-1900
02/12/2016 13:55,SCH - PJ - NY,23316,591.39,2600,-1300
02/12/2016 13:55,SCH - PJM_HTP,325905,0,0,0
02/12/2016 13:55,SCH - PJM_NEPTUNE,325305,660,660,-660
02/12/2016 13:55,SCH - PJM_VFT,325658,315,315,-315
02/12/2016 13:55,SPR/DUN-SOUTH,23320,2919.1,4600,-9999
02/12/2016 13:55,TOTAL EAST,23314,4637.51,6500,-9999
02/12/2016 13:55,UPNY CONED,23315,2621.81,5100,-9999
02/12/2016 13:55,WEST CENTRAL,23312,1266.82,9999,-9999
02/12/2016 13:58,CENTRAL EAST - VC,23330,2565.1,2665,-9999
02/12/2016 13:58,DYSINGER EAST,23326,1966.23,3150,-9999
02/12/2016 13:58,MOSES SOUTH,23319,1465.6,3000,-1600
02/12/2016 13:58,SCH - HQ - NY,23324,1154,1178,-1000
02/12/2016 13:58,SCH - HQ_CEDARS,325274,0,199,-100
02/12/2016 13:58,SCH - HQ_IMPORT_EXPORT,325376,895,1310,-9999
02/12/2016 13:58,SCH - NE - NY,23318,-659.4,1400,-1600
02/12/2016 13:58,SCH - NPX_1385,325277,7,200,-200
02/12/2016 13:58,SCH - NPX_CSC,325154,0,330,-330
02/12/2016 13:58,SCH - OH - NY,23317,1513.24,1900,-1900
02/12/2016 13:58,SCH - PJ - NY,23316,537.68,2600,-1300
02/12/2016 13:58,SCH - PJM_HTP,325905,0,0,0
02/12/2016 13:58,SCH - PJM_NEPTUNE,325305,652,660,-660
02/12/2016 13:58,SCH - PJM_VFT,325658,315,315,-315
02/12/2016 13:58,SPR/DUN-SOUTH,23320,2969.31,4600,-9999
02/12/2016 13:58,TOTAL EAST,23314,4617.9,6500,-9999
02/12/2016 13:58,UPNY CONED,23315,2665.23,5100,-9999
02/12/2016 13:58,WEST CENTRAL,23312,1322.79,9999,-9999
02/12/2016 14:00,CENTRAL EAST - VC,23330,2564.44,2665,-9999
02/12/2016 14:00,CENTRAL EAST - VC,23330,2564.82,2665,-9999
02/12/2016 14:00,DYSINGER EAST,23326,2030.36,3150,-9999
02/12/2016 14:00,DYSINGER EAST,23326,1974.24,3150,-9999
02/12/2016 14:00,MOSES SOUTH,23319,1450.96,3000,-1600
02/12/2016 14:00,MOSES SOUTH,23319,1455.75,3000,-1600
02/12/2016 14:00,SCH - HQ - NY,23324,1161,1178,-1000
02/12/2016 14:00,SCH - HQ - NY,23324,1161,1178,-1000
02/12/2016 14:00,SCH - HQ_CEDARS,325274,0,199,-100
02/12/2016 14:00,SCH - HQ_CEDARS,325274,0,199,-100
02/12/2016 14:00,SCH - HQ_IMPORT_EXPORT,325376,902,1310,-9999
02/12/2016 14:00,SCH - HQ_IMPORT_EXPORT,325376,902,1310,-9999
02/12/2016 14:00,SCH - NE - NY,23318,-662.58,1400,-1600
02/12/2016 14:00,SCH - NE - NY,23318,-662.42,1400,-1600
02/12/2016 14:00,SCH - NPX_1385,325277,4,200,-200
02/12/2016 14:00,SCH - NPX_1385,325277,4,200,-200
02/12/2016 14:00,SCH - NPX_CSC,325154,0,330,-330
02/12/2016 14:00,SCH - NPX_CSC,325154,0,330,-330
02/12/2016 14:00,SCH - OH - NY,23317,1488.28,1900,-1900
02/12/2016 14:00,SCH - OH - NY,23317,1488.59,1900,-1900
02/12/2016 14:00,SCH - PJ - NY,23316,502.35,2600,-1300
02/12/2016 14:00,SCH - PJ - NY,23316,504.25,2600,-1300
02/12/2016 14:00,SCH - PJM_HTP,325905,0,0,0
02/12/2016 14:00,SCH - PJM_HTP,325905,0,0,0
02/12/2016 14:00,SCH - PJM_NEPTUNE,325305,647,660,-660
02/12/2016 14:00,SCH - PJM_NEPTUNE,325305,647,660,-660
02/12/2016 14:00,SCH - PJM_VFT,325658,315,315,-315
02/12/2016 14:00,SCH - PJM_VFT,325658,315,315,-315
02/12/2016 14:00,SPR/DUN-SOUTH,23320,2945.16,4600,-9999
02/12/2016 14:00,SPR/DUN-SOUTH,23320,2968.25,4600,-9999
02/12/2016 14:00,TOTAL EAST,23314,4599.36,6500,-9999
02/12/2016 14:00,TOTAL EAST,23314,4670.04,6500,-9999
02/12/2016 14:00,UPNY CONED,23315,2665.22,5100,-9999
02/12/2016 14:00,UPNY CONED,23315,2646.78,5100,-9999
02/12/2016 14:00,WEST CENTRAL,23312,1385.31,9999,-9999
02/12/2016 14:00,WEST CENTRAL,23312,1333.97,9999,-9999
02/12/2016 14:10,CENTRAL EAST - VC,23330,2552.85,2665,-9999
02/12/2016 14:10,DYSINGER EAST,23326,1971.12,3150,-9999
02/12/2016 14:10,MOSES SOUTH,23319,1484.57,3000,-1600
02/12/2016 14:10,SCH - HQ - NY,23324,1178,1178,-1000
02/12/2016 14:10,SCH - HQ_CEDARS,325274,0,199,-100
02/12/2016 14:10,SCH - HQ_IMPORT_EXPORT,325376,919,1310,-9999
02/12/2016 14:10,SCH - NE - NY,23318,-669.03,1400,-1600
02/12/2016 14:10,SCH - NPX_1385,325277,0,200,-200
02/12/2016 14:10,SCH - NPX_CSC,325154,0,330,-330
02/12/2016 14:10,SCH - OH - NY,23317,1426.55,1900,-1900
02/12/2016 14:10,SCH - PJ - NY,23316,418.09,2600,-1300
02/12/2016 14:10,SCH - PJM_HTP,325905,0,0,0
02/12/2016 14:10,SCH - PJM_NEPTUNE,325305,635,660,-660
02/12/2016 14:10,SCH - PJM_VFT,325658,315,315,-315
02/12/2016 14:10,SPR/DUN-SOUTH,23320,2950.34,4600,-9999
02/12/2016 14:10,TOTAL EAST,23314,4644.66,6500,-9999
02/12/2016 14:10,UPNY CONED,23315,2784.54,5100,-9999
02/12/2016 14:10,WEST CENTRAL,23312,1337.53,9999,-9999
02/12/2016 14:15,CENTRAL EAST - VC,23330,2550.22,2665,-9999
02/12/2016 14:15,DYSINGER EAST,23326,1853.23,3150,-9999
02/12/2016 14:15,MOSES SOUTH,23319,1458.84,3000,-1600
02/12/2016 14:15,SCH - HQ - NY,23324,1178,1178,-1000
02/12/2016 14:15,SCH - HQ_CEDARS,325274,0,199,-100
02/12/2016 14:15,SCH - HQ_IMPORT_EXPORT,325376,919,1310,-9999
02/12/2016 14:15,SCH - NE - NY,23318,-658.76,1400,-1600
02/12/2016 14:15,SCH - NPX_1385,325277,0,200,-200
02/12/2016 14:15,SCH - NPX_CSC,325154,0,330,-330
02/12/2016 14:15,SCH - OH - NY,23317,1426.23,1900,-1900
02/12/2016 14:15,SCH - PJ - NY,23316,412.76,2600,-1300
02/12/2016 14:15,SCH - PJM_HTP,325905,0,0,0
02/12/2016 14:15,SCH - PJM_NEPTUNE,325305,647,660,-660
02/12/2016 14:15,SCH - PJM_VFT,325658,315,315,-315
02/12/2016 14:15,SPR/DUN-SOUTH,23320,2968.86,4600,-9999
02/12/2016 14:15,TOTAL EAST,23314,4468.34,6500,-9999
02/12/2016 14:15,UPNY CONED,23315,2722.73,5100,-9999
02/12/2016 14:15,WEST CENTRAL,23312,1231.87,9999,-9999
02/12/2016 14:20,CENTRAL EAST - VC,23330,2559.5,2665,-9999
02/12/2016 14:20,DYSINGER EAST,23326,1931.15,3150,-9999
02/12/2016 14:20,MOSES SOUTH,23319,1445.25,3000,-1600
02/12/2016 14:20,SCH - HQ - NY,23324,1178,1178,-1000
02/12/2016 14:20,SCH - HQ_CEDARS,325274,0,199,-100
02/12/2016 14:20,SCH - HQ_IMPORT_EXPORT,325376,919,1310,-9999
02/12/2016 14:20,SCH - NE - NY,23318,-650.18,1400,-1600
02/12/2016 14:20,SCH - NPX_1385,325277,0,200,-200
02/12/2016 14:20,SCH - NPX_CSC,325154,0,330,-330
02/12/2016 14:20,SCH - OH - NY,23317,1426.19,1900,-1900
02/12/2016 14:20,SCH - PJ - NY,23316,410.79,2600,-1300
02/12/2016 14:20,SCH - PJM_HTP,325905,0,0,0
02/12/2016 14:20,SCH - PJM_NEPTUNE,325305,660,660,-660
02/12/2016 14:20,SCH - PJM_VFT,325658,315,315,-315
02/12/2016 14:20,SPR/DUN-SOUTH,23320,2956.03,4600,-9999
02/12/2016 14:20,TOTAL EAST,23314,4544.53,6500,-9999
02/12/2016 14:20,UPNY CONED,23315,2732.48,5100,-9999
02/12/2016 14:20,WEST CENTRAL,23312,1303.12,9999,-9999
02/12/2016 14:25,CENTRAL EAST - VC,23330,2556.28,2665,-9999
02/12/2016 14:25,DYSINGER EAST,23326,1982.79,3150,-9999
02/12/2016 14:25,MOSES SOUTH,23319,1439.79,3000,-1600
02/12/2016 14:25,SCH - HQ - NY,23324,1178,1178,-1000
02/12/2016 14:25,SCH - HQ_CEDARS,325274,0,199,-100
02/12/2016 14:25,SCH - HQ_IMPORT_EXPORT,325376,919,1310,-9999
02/12/2016 14:25,SCH - NE - NY,23318,-650.46,1400,-1600
02/12/2016 14:25,SCH - NPX_1385,325277,0,200,-200
02/12/2016 14:25,SCH - NPX_CSC,325154,0,330,-330
02/12/2016 14:25,SCH - OH - NY,23317,1426.39,1900,-1900
02/12/2016 14:25,SCH - PJ - NY,23316,407.88,2600,-1300
02/12/2016 14:25,SCH - PJM_HTP,325905,0,0,0
02/12/2016 14:25,SCH - PJM_NEPTUNE,325305,660,660,-660
02/12/2016 14:25,SCH - PJM_VFT,325658,315,315,-315
02/12/2016 14:25,SPR/DUN-SOUTH,23320,2945.73,4600,-9999
02/12/2016 14:25,TOTAL EAST,23314,4532.21,6500,-9999
02/12/2016 14:25,UPNY CONED,23315,2726.32,5100,-9999
02/12/2016 14:25,WEST CENTRAL,23312,1349.18,9999,-9999
02/12/2016 14:30,CENTRAL EAST - VC,23330,2548.33,2665,-9999
02/12/2016 14:30,DYSINGER EAST,23326,1993.65,3150,-9999
02/12/2016 14:30,MOSES SOUTH,23319,1415.11,3000,-1600
02/12/2016 14:30,SCH - HQ - NY,23324,1178,1178,-1000
02/12/2016 14:30,SCH - HQ_CEDARS,325274,0,199,-100
02/12/2016 14:30,SCH - HQ_IMPORT_EXPORT,325376,919,1310,-9999
02/12/2016 14:30,SCH - NE - NY,23318,-634.43,1400,-1600
02/12/2016 14:30,SCH - NPX_1385,325277,0,200,-200
02/12/2016 14:30,SCH - NPX_CSC,325154,0,330,-330
02/12/2016 14:30,SCH - OH - NY,23317,1426.51,1900,-1900
02/12/2016 14:30,SCH - PJ - NY,23316,431.32,2600,-1300
02/12/2016 14:30,SCH - PJM_HTP,325905,0,0,0
02/12/2016 14:30,SCH - PJM_NEPTUNE,325305,660,660,-660
02/12/2016 14:30,SCH - PJM_VFT,325658,315,315,-315
02/12/2016 14:30,SPR/DUN-SOUTH,23320,2952.85,4600,-9999
02/12/2016 14:30,TOTAL EAST,23314,4503.88,6500,-9999
02/12/2016 14:30,UPNY CONED,23315,2722.09,5100,-9999
02/12/2016 14:30,WEST CENTRAL,23312,1360.06,9999,-9999
02/12/2016 14:35,CENTRAL EAST - VC,23330,2546.27,2665,-9999
02/12/2016 14:35,DYSINGER EAST,23326,1918.51,3150,-9999
02/12/2016 14:35,MOSES SOUTH,23319,1422.48,3000,-1600
02/12/2016 14:35,SCH - HQ - NY,23324,1178,1178,-1000
02/12/2016 14:35,SCH - HQ_CEDARS,325274,0,199,-100
02/12/2016 14:35,SCH - HQ_IMPORT_EXPORT,325376,919,1310,-9999
02/12/2016 14:35,SCH - NE - NY,23318,-619.52,1400,-1600
02/12/2016 14:35,SCH - NPX_1385,325277,0,200,-200
02/12/2016 14:35,SCH - NPX_CSC,325154,0,330,-330
02/12/2016 14:35,SCH - OH - NY,23317,1426.44,1900,-1900
02/12/2016 14:35,SCH - PJ - NY,23316,453.83,2600,-1300
02/12/2016 14:35,SCH - PJM_HTP,325905,0,0,0
02/12/2016 14:35,SCH - PJM_NEPTUNE,325305,660,660,-660
02/12/2016 14:35,SCH - PJM_VFT,325658,315,315,-315
02/12/2016 14:35,SPR/DUN-SOUTH,23320,2944.15,4600,-9999
02/12/2016 14:35,TOTAL EAST,23314,4484.73,6500,-9999
02/12/2016 14:35,UPNY CONED,23315,2719.06,5100,-9999
02/12/2016 14:35,WEST CENTRAL,23312,1289.34,9999,-9999
02/12/2016 14:40,CENTRAL EAST - VC,23330,2555.62,2665,-9999
02/12/2016 14:40,DYSINGER EAST,23326,1955.51,3150,-9999
02/12/2016 14:40,MOSES SOUTH,23319,1428.81,3000,-1600
02/12/2016 14:40,SCH - HQ - NY,23324,1178,1178,-1000
02/12/2016 14:40,SCH - HQ_CEDARS,325274,0,199,-100
02/12/2016 14:40,SCH - HQ_IMPORT_EXPORT,325376,919,1310,-9999
02/12/2016 14:40,SCH - NE - NY,23318,-619.59,1400,-1600
02/12/2016 14:40,SCH - NPX_1385,325277,0,200,-200
02/12/2016 14:40,SCH - NPX_CSC,325154,0,330,-330
02/12/2016 14:40,SCH - OH - NY,23317,1426.78,1900,-1900
02/12/2016 14:40,SCH - PJ - NY,23316,453.77,2600,-1300
02/12/2016 14:40,SCH - PJM_HTP,325905,0,0,0
02/12/2016 14:40,SCH - PJM_NEPTUNE,325305,660,660,-660
02/12/2016 14:40,SCH - PJM_VFT,325658,315,315,-315
02/12/2016 14:40,SPR/DUN-SOUTH,23320,2935.06,4600,-9999
02/12/2016 14:40,TOTAL EAST,23314,4467.48,6500,-9999
02/12/2016 14:40,UPNY CONED,23315,2707.78,5100,-9999
02/12/2016 14:40,WEST CENTRAL,23312,1327.89,9999,-9999
02/12/2016 14:45,CENTRAL EAST - VC,23330,2564.91,2665,-9999
02/12/2016 14:45,DYSINGER EAST,23326,2040.9,3150,-9999
02/12/2016 14:45,MOSES SOUTH,23319,1441.85,3000,-1600
02/12/2016 14:45,SCH - HQ - NY,23324,1178,1178,-1000
02/12/2016 14:45,SCH - HQ_CEDARS,325274,0,199,-100
02/12/2016 14:45,SCH - HQ_IMPORT_EXPORT,325376,919,1310,-9999
02/12/2016 14:45,SCH - NE - NY,23318,-568,1400,-1600
02/12/2016 14:45,SCH - NPX_1385,325277,0,200,-200
02/12/2016 14:45,SCH - NPX_CSC,325154,0,330,-330
02/12/2016 14:45,SCH - OH - NY,23317,1426.96,1900,-1900
02/12/2016 14:45,SCH - PJ - NY,23316,436.35,2600,-1300
02/12/2016 14:45,SCH - PJM_HTP,325905,0,0,0
02/12/2016 14:45,SCH - PJM_NEPTUNE,325305,660,660,-660
02/12/2016 14:45,SCH - PJM_VFT,325658,315,315,-315
02/12/2016 14:45,SPR/DUN-SOUTH,23320,2926.48,4600,-9999
02/12/2016 14:45,TOTAL EAST,23314,4539.14,6500,-9999
02/12/2016 14:45,UPNY CONED,23315,2720.6,5100,-9999
02/12/2016 14:45,WEST CENTRAL,23312,1405.52,9999,-9999
02/12/2016 14:50,CENTRAL EAST - VC,23330,2560.46,2665,-9999
02/12/2016 14:50,DYSINGER EAST,23326,1991.23,3150,-9999
02/12/2016 14:50,MOSES SOUTH,23319,1432.51,3000,-1600
02/12/2016 14:50,SCH - HQ - NY,23324,1178,1178,-1000
02/12/2016 14:50,SCH - HQ_CEDARS,325274,0,199,-100
02/12/2016 14:50,SCH - HQ_IMPORT_EXPORT,325376,919,1310,-9999
02/12/2016 14:50,SCH - NE - NY,23318,-516.32,1400,-1600
02/12/2016 14:50,SCH - NPX_1385,325277,0,200,-200
02/12/2016 14:50,SCH - NPX_CSC,325154,0,330,-330
02/12/2016 14:50,SCH - OH - NY,23317,1426.84,1900,-1900
02/12/2016 14:50,SCH - PJ - NY,23316,425.24,2600,-1300
02/12/2016 14:50,SCH - PJM_HTP,325905,0,0,0
02/12/2016 14:50,SCH - PJM_NEPTUNE,325305,660,660,-660
02/12/2016 14:50,SCH - PJM_VFT,325658,315,315,-315
02/12/2016 14:50,SPR/DUN-SOUTH,23320,2916.86,4600,-9999
02/12/2016 14:50,TOTAL EAST,23314,4514.67,6500,-9999
02/12/2016 14:50,UPNY CONED,23315,2718.27,5100,-9999
02/12/2016 14:50,WEST CENTRAL,23312,1359,9999,-9999
02/12/2016 14:55,CENTRAL EAST - VC,23330,2556.1,2665,-9999
02/12/2016 14:55,DYSINGER EAST,23326,2052.93,3150,-9999
02/12/2016 14:55,MOSES SOUTH,23319,1448.78,3000,-1600
02/12/2016 14:55,SCH - HQ - NY,23324,1178,1178,-1000
02/12/2016 14:55,SCH - HQ_CEDARS,325274,0,199,-100
02/12/2016 14:55,SCH - HQ_IMPORT_EXPORT,325376,919,1310,-9999
02/12/2016 14:55,SCH - NE - NY,23318,-516.38,1400,-1600
02/12/2016 14:55,SCH - NPX_1385,325277,0,200,-200
02/12/2016 14:55,SCH - NPX_CSC,325154,0,330,-330
02/12/2016 14:55,SCH - OH - NY,23317,1427.07,1900,-1900
02/12/2016 14:55,SCH - PJ - NY,23316,420.43,2600,-1300
02/12/2016 14:55,SCH - PJM_HTP,325905,0,0,0
02/12/2016 14:55,SCH - PJM_NEPTUNE,325305,660,660,-660
02/12/2016 14:55,SCH - PJM_VFT,325658,315,315,-315
02/12/2016 14:55,SPR/DUN-SOUTH,23320,2909.86,4600,-9999
02/12/2016 14:55,TOTAL EAST,23314,4552.22,6500,-9999
02/12/2016 14:55,UPNY CONED,23315,2717.69,5100,-9999
02/12/2016 14:55,WEST CENTRAL,23312,1422.67,9999,-9999
02/12/2016 15:00,CENTRAL EAST - VC,23330,2565.29,2665,-9999
02/12/2016 15:00,DYSINGER EAST,23326,2060.98,3150,-9999
02/12/2016 15:00,MOSES SOUTH,23319,1453.59,3000,-1600
02/12/2016 15:00,SCH - HQ - NY,23324,1177,1178,-1000
02/12/2016 15:00,SCH - HQ_CEDARS,325274,0,199,-100
02/12/2016 15:00,SCH - HQ_IMPORT_EXPORT,325376,918,1310,-9999
02/12/2016 15:00,SCH - NE - NY,23318,-531.05,1400,-1600
02/12/2016 15:00,SCH - NPX_1385,325277,-17,200,-200
02/12/2016 15:00,SCH - NPX_CSC,325154,0,330,-330
02/12/2016 15:00,SCH - OH - NY,23317,1513.75,1900,-1900
02/12/2016 15:00,SCH - PJ - NY,23316,473.07,2600,-1300
02/12/2016 15:00,SCH - PJM_HTP,325905,0,0,0
02/12/2016 15:00,SCH - PJM_NEPTUNE,325305,660,660,-660
02/12/2016 15:00,SCH - PJM_VFT,325658,315,315,-315
02/12/2016 15:00,SPR/DUN-SOUTH,23320,2938.94,4600,-9999
02/12/2016 15:00,TOTAL EAST,23314,4597.62,6500,-9999
02/12/2016 15:00,UPNY CONED,23315,2763.93,5100,-9999
02/12/2016 15:00,WEST CENTRAL,23312,1431.36,9999,-9999
02/12/2016 15:05,CENTRAL EAST - VC,23330,2564.87,2665,-9999
02/12/2016 15:05,DYSINGER EAST,23326,1946.84,3150,-9999
02/12/2016 15:05,MOSES SOUTH,23319,1444.41,3000,-1600
02/12/2016 15:05,SCH - HQ - NY,23324,1177,1178,-1000
02/12/2016 15:05,SCH - HQ_CEDARS,325274,0,199,-100
02/12/2016 15:05,SCH - HQ_IMPORT_EXPORT,325376,918,1310,-9999
02/12/2016 15:05,SCH - NE - NY,23318,-545.9,1400,-1600
02/12/2016 15:05,SCH - NPX_1385,325277,-35,200,-200
02/12/2016 15:05,SCH - NPX_CSC,325154,0,330,-330
02/12/2016 15:05,SCH - OH - NY,23317,1600.97,1900,-1900
02/12/2016 15:05,SCH - PJ - NY,23316,525.1,2600,-1300
02/12/2016 15:05,SCH - PJM_HTP,325905,0,0,0
02/12/2016 15:05,SCH - PJM_NEPTUNE,325305,660,660,-660
02/12/2016 15:05,SCH - PJM_VFT,325658,315,315,-315
02/12/2016 15:05,SPR/DUN-SOUTH,23320,2939.01,4600,-9999
02/12/2016 15:05,TOTAL EAST,23314,4600.75,6500,-9999
02/12/2016 15:05,UPNY CONED,23315,2777.4,5100,-9999
02/12/2016 15:05,WEST CENTRAL,23312,1324.89,9999,-9999
02/12/2016 15:10,CENTRAL EAST - VC,23330,2556.2,2665,-9999
02/12/2016 15:10,DYSINGER EAST,23326,2006.19,3150,-9999
02/12/2016 15:10,MOSES SOUTH,23319,1453.05,3000,-1600
02/12/2016 15:10,SCH - HQ - NY,23324,1177,1178,-1000
02/12/2016 15:10,SCH - HQ_CEDARS,325274,0,199,-100
02/12/2016 15:10,SCH - HQ_IMPORT_EXPORT,325376,918,1310,-9999
02/12/2016 15:10,SCH - NE - NY,23318,-545.95,1400,-1600
02/12/2016 15:10,SCH - NPX_1385,325277,-35,200,-200
02/12/2016 15:10,SCH - NPX_CSC,325154,0,330,-330
02/12/2016 15:10,SCH - OH - NY,23317,1600.89,1900,-1900
02/12/2016 15:10,SCH - PJ - NY,23316,522.15,2600,-1300
02/12/2016 15:10,SCH - PJM_HTP,325905,0,0,0
02/12/2016 15:10,SCH - PJM_NEPTUNE,325305,660,660,-660
02/12/2016 15:10,SCH - PJM_VFT,325658,315,315,-315
02/12/2016 15:10,SPR/DUN-SOUTH,23320,2942.57,4600,-9999
02/12/2016 15:10,TOTAL EAST,23314,4662.5,6500,-9999
02/12/2016 15:10,UPNY CONED,23315,2799.69,5100,-9999
02/12/2016 15:10,WEST CENTRAL,23312,1381.7,9999,-9999
02/12/2016 15:15,CENTRAL EAST - VC,23330,2554.3,2665,-9999
02/12/2016 15:15,DYSINGER EAST,23326,2010.18,3150,-9999
02/12/2016 15:15,MOSES SOUTH,23319,1477.95,3000,-1600
02/12/2016 15:15,SCH - HQ - NY,23324,1177,1178,-1000
02/12/2016 15:15,SCH - HQ_CEDARS,325274,0,199,-100
02/12/2016 15:15,SCH - HQ_IMPORT_EXPORT,325376,918,1310,-9999
02/12/2016 15:15,SCH - NE - NY,23318,-537.96,1400,-1600
02/12/2016 15:15,SCH - NPX_1385,325277,-35,200,-200
02/12/2016 15:15,SCH - NPX_CSC,325154,0,330,-330
02/12/2016 15:15,SCH - OH - NY,23317,1601.31,1900,-1900
02/12/2016 15:15,SCH - PJ - NY,23316,519.57,2600,-1300
02/12/2016 15:15,SCH - PJM_HTP,325905,0,0,0
02/12/2016 15:15,SCH - PJM_NEPTUNE,325305,660,660,-660
02/12/2016 15:15,SCH - PJM_VFT,325658,315,315,-315
02/12/2016 15:15,SPR/DUN-SOUTH,23320,2945.26,4600,-9999
02/12/2016 15:15,TOTAL EAST,23314,4578.87,6500,-9999
02/12/2016 15:15,UPNY CONED,23315,2812.22,5100,-9999
02/12/2016 15:15,WEST CENTRAL,23312,1380.09,9999,-9999
02/12/2016 15:20,CENTRAL EAST - VC,23330,2555.98,2665,-9999
02/12/2016 15:20,DYSINGER EAST,23326,2008.56,3150,-9999
02/12/2016 15:20,MOSES SOUTH,23319,1454.5,3000,-1600
02/12/2016 15:20,SCH - HQ - NY,23324,1177,1178,-1000
02/12/2016 15:20,SCH - HQ_CEDARS,325274,0,199,-100
02/12/2016 15:20,SCH - HQ_IMPORT_EXPORT,325376,918,1310,-9999
02/12/2016 15:20,SCH - NE - NY,23318,-529.63,1400,-1600
02/12/2016 15:20,SCH - NPX_1385,325277,-35,200,-200
02/12/2016 15:20,SCH - NPX_CSC,325154,0,330,-330
02/12/2016 15:20,SCH - OH - NY,23317,1601.2,1900,-1900
02/12/2016 15:20,SCH - PJ - NY,23316,523.33,2600,-1300
02/12/2016 15:20,SCH - PJM_HTP,325905,0,0,0
02/12/2016 15:20,SCH - PJM_NEPTUNE,325305,660,660,-660
02/12/2016 15:20,SCH - PJM_VFT,325658,315,315,-315
02/12/2016 15:20,SPR/DUN-SOUTH,23320,2976.73,4600,-9999
02/12/2016 15:20,TOTAL EAST,23314,4603.22,6500,-9999
02/12/2016 15:20,UPNY CONED,23315,2844.12,5100,-9999
02/12/2016 15:20,WEST CENTRAL,23312,1379.21,9999,-9999
02/12/2016 15:25,CENTRAL EAST - VC,23330,2553.47,2665,-9999
02/12/2016 15:25,DYSINGER EAST,23326,1983.23,3150,-9999
02/12/2016 15:25,MOSES SOUTH,23319,1432.9,3000,-1600
02/12/2016 15:25,SCH - HQ - NY,23324,1177,1178,-1000
02/12/2016 15:25,SCH - HQ_CEDARS,325274,0,199,-100
02/12/2016 15:25,SCH - HQ_IMPORT_EXPORT,325376,918,1310,-9999
02/12/2016 15:25,SCH - NE - NY,23318,-529.71,1400,-1600
02/12/2016 15:25,SCH - NPX_1385,325277,-35,200,-200
02/12/2016 15:25,SCH - NPX_CSC,325154,0,330,-330
02/12/2016 15:25,SCH - OH - NY,23317,1601.06,1900,-1900
02/12/2016 15:25,SCH - PJ - NY,23316,522.39,2600,-1300
02/12/2016 15:25,SCH - PJM_HTP,325905,0,0,0
02/12/2016 15:25,SCH - PJM_NEPTUNE,325305,660,660,-660
02/12/2016 15:25,SCH - PJM_VFT,325658,315,315,-315
02/12/2016 15:25,SPR/DUN-SOUTH,23320,2946.26,4600,-9999
02/12/2016 15:25,TOTAL EAST,23314,4579.75,6500,-9999
02/12/2016 15:25,UPNY CONED,23315,2824.75,5100,-9999
02/12/2016 15:25,WEST CENTRAL,23312,1353.08,9999,-9999
02/12/2016 15:30,CENTRAL EAST - VC,23330,2542.02,2665,-9999
02/12/2016 15:30,DYSINGER EAST,23326,1949.54,3150,-9999
02/12/2016 15:30,MOSES SOUTH,23319,1431.08,3000,-1600
02/12/2016 15:30,SCH - HQ - NY,23324,1177,1178,-1000
02/12/2016 15:30,SCH - HQ_CEDARS,325274,0,199,-100
02/12/2016 15:30,SCH - HQ_IMPORT_EXPORT,325376,918,1310,-9999
02/12/2016 15:30,SCH - NE - NY,23318,-520.78,1400,-1600
02/12/2016 15:30,SCH - NPX_1385,325277,-35,200,-200
02/12/2016 15:30,SCH - NPX_CSC,325154,0,330,-330
02/12/2016 15:30,SCH - OH - NY,23317,1600.95,1900,-1900
02/12/2016 15:30,SCH - PJ - NY,23316,558.15,2600,-1300
02/12/2016 15:30,SCH - PJM_HTP,325905,0,0,0
02/12/2016 15:30,SCH - PJM_NEPTUNE,325305,660,660,-660
02/12/2016 15:30,SCH - PJM_VFT,325658,315,315,-315
02/12/2016 15:30,SPR/DUN-SOUTH,23320,2967.76,4600,-9999
02/12/2016 15:30,TOTAL EAST,23314,4631.81,6500,-9999
02/12/2016 15:30,UPNY CONED,23315,2854.95,5100,-9999
02/12/2016 15:30,WEST CENTRAL,23312,1322.08,9999,-9999
02/12/2016 15:35,CENTRAL EAST - VC,23330,2541.44,2665,-9999
02/12/2016 15:35,DYSINGER EAST,23326,1933.41,3150,-9999
02/12/2016 15:35,MOSES SOUTH,23319,1457.48,3000,-1600
02/12/2016 15:35,SCH - HQ - NY,23324,1177,1178,-1000
02/12/2016 15:35,SCH - HQ_CEDARS,325274,0,199,-100
02/12/2016 15:35,SCH - HQ_IMPORT_EXPORT,325376,918,1310,-9999
02/12/2016 15:35,SCH - NE - NY,23318,-512.94,1400,-1600
02/12/2016 15:35,SCH - NPX_1385,325277,-35,200,-200
02/12/2016 15:35,SCH - NPX_CSC,325154,0,330,-330
02/12/2016 15:35,SCH - OH - NY,23317,1601.12,1900,-1900
02/12/2016 15:35,SCH - PJ - NY,23316,593.64,2600,-1300
02/12/2016 15:35,SCH - PJM_HTP,325905,0,0,0
02/12/2016 15:35,SCH - PJM_NEPTUNE,325305,660,660,-660
02/12/2016 15:35,SCH - PJM_VFT,325658,315,315,-315
02/12/2016 15:35,SPR/DUN-SOUTH,23320,2947.89,4600,-9999
02/12/2016 15:35,TOTAL EAST,23314,4633.62,6500,-9999
02/12/2016 15:35,UPNY CONED,23315,2845.72,5100,-9999
02/12/2016 15:35,WEST CENTRAL,23312,1307.9,9999,-9999
02/12/2016 15:40,CENTRAL EAST - VC,23330,2552.65,2665,-9999
02/12/2016 15:40,DYSINGER EAST,23326,1910.2,3150,-9999
02/12/2016 15:40,MOSES SOUTH,23319,1455.7,3000,-1600
02/12/2016 15:40,SCH - HQ - NY,23324,1177,1178,-1000
02/12/2016 15:40,SCH - HQ_CEDARS,325274,0,199,-100
02/12/2016 15:40,SCH - HQ_IMPORT_EXPORT,325376,918,1310,-9999
02/12/2016 15:40,SCH - NE - NY,23318,-512.98,1400,-1600
02/12/2016 15:40,SCH - NPX_1385,325277,-35,200,-200
02/12/2016 15:40,SCH - NPX_CSC,325154,0,330,-330
02/12/2016 15:40,SCH - OH - NY,23317,1601.26,1900,-1900
02/12/2016 15:40,SCH - PJ - NY,23316,595.6,2600,-1300
02/12/2016 15:40,SCH - PJM_HTP,325905,0,0,0
02/12/2016 15:40,SCH - PJM_NEPTUNE,325305,660,660,-660
02/12/2016 15:40,SCH - PJM_VFT,325658,315,315,-315
02/12/2016 15:40,SPR/DUN-SOUTH,23320,2969.59,4600,-9999
02/12/2016 15:40,TOTAL EAST,23314,4592.03,6500,-9999
02/12/2016 15:40,UPNY CONED,23315,2863.63,5100,-9999
02/12/2016 15:40,WEST CENTRAL,23312,1286.04,9999,-9999
02/12/2016 15:45,CENTRAL EAST - VC,23330,2565.71,2665,-9999
02/12/2016 15:45,DYSINGER EAST,23326,1912.88,3150,-9999
02/12/2016 15:45,MOSES SOUTH,23319,1444.79,3000,-1600
02/12/2016 15:45,SCH - HQ - NY,23324,1177,1178,-1000
02/12/2016 15:45,SCH - HQ_CEDARS,325274,0,199,-100
02/12/2016 15:45,SCH - HQ_IMPORT_EXPORT,325376,918,1310,-9999
02/12/2016 15:45,SCH - NE - NY,23318,-500.59,1400,-1600
02/12/2016 15:45,SCH - NPX_1385,325277,-35,200,-200
02/12/2016 15:45,SCH - NPX_CSC,325154,0,330,-330
02/12/2016 15:45,SCH - OH - NY,23317,1601.26,1900,-1900
02/12/2016 15:45,SCH - PJ - NY,23316,649.65,2600,-1300
02/12/2016 15:45,SCH - PJM_HTP,325905,0,0,0
02/12/2016 15:45,SCH - PJM_NEPTUNE,325305,660,660,-660
02/12/2016 15:45,SCH - PJM_VFT,325658,315,315,-315
02/12/2016 15:45,SPR/DUN-SOUTH,23320,2956.9,4600,-9999
02/12/2016 15:45,TOTAL EAST,23314,4604.75,6500,-9999
02/12/2016 15:45,UPNY CONED,23315,2867.41,5100,-9999
02/12/2016 15:45,WEST CENTRAL,23312,1285.69,9999,-9999
02/12/2016 15:50,CENTRAL EAST - VC,23330,2565.6,2665,-9999
02/12/2016 15:50,DYSINGER EAST,23326,1934.96,3150,-9999
02/12/2016 15:50,MOSES SOUTH,23319,1444.4,3000,-1600
02/12/2016 15:50,SCH - HQ - NY,23324,1177,1178,-1000
02/12/2016 15:50,SCH - HQ_CEDARS,325274,0,199,-100
02/12/2016 15:50,SCH - HQ_IMPORT_EXPORT,325376,918,1310,-9999
02/12/2016 15:50,SCH - NE - NY,23318,-489.86,1400,-1600
02/12/2016 15:50,SCH - NPX_1385,325277,-35,200,-200
02/12/2016 15:50,SCH - NPX_CSC,325154,0,330,-330
02/12/2016 15:50,SCH - OH - NY,23317,1601.37,1900,-1900
02/12/2016 15:50,SCH - PJ - NY,23316,704.31,2600,-1300
02/12/2016 15:50,SCH - PJM_HTP,325905,0,0,0
02/12/2016 15:50,SCH - PJM_NEPTUNE,325305,660,660,-660
02/12/2016 15:50,SCH - PJM_VFT,325658,315,315,-315
02/12/2016 15:50,SPR/DUN-SOUTH,23320,2942.01,4600,-9999
02/12/2016 15:50,TOTAL EAST,23314,4680.23,6500,-9999
02/12/2016 15:50,UPNY CONED,23315,2839.42,5100,-9999
02/12/2016 15:50,WEST CENTRAL,23312,1305.43,9999,-9999
02/12/2016 15:55,CENTRAL EAST - VC,23330,2551.92,2665,-9999
02/12/2016 15:55,DYSINGER EAST,23326,1832.69,3150,-9999
02/12/2016 15:55,MOSES SOUTH,23319,1454.76,3000,-1600
02/12/2016 15:55,SCH - HQ - NY,23324,1177,1178,-1000
02/12/2016 15:55,SCH - HQ_CEDARS,325274,0,199,-100
02/12/2016 15:55,SCH - HQ_IMPORT_EXPORT,325376,918,1310,-9999
02/12/2016 15:55,SCH - NE - NY,23318,-489.83,1400,-1600
02/12/2016 15:55,SCH - NPX_1385,325277,-35,200,-200
02/12/2016 15:55,SCH - NPX_CSC,325154,0,330,-330
02/12/2016 15:55,SCH - OH - NY,23317,1601.39,1900,-1900
02/12/2016 15:55,SCH - PJ - NY,23316,701.4,2600,-1300
02/12/2016 15:55,SCH - PJM_HTP,325905,0,0,0
02/12/2016 15:55,SCH - PJM_NEPTUNE,325305,660,660,-660
02/12/2016 15:55,SCH - PJM_VFT,325658,315,315,-315
02/12/2016 15:55,SPR/DUN-SOUTH,23320,2956.64,4600,-9999
02/12/2016 15:55,TOTAL EAST,23314,4585.82,6500,-9999
02/12/2016 15:55,UPNY CONED,23315,2813.72,5100,-9999
02/12/2016 15:55,WEST CENTRAL,23312,1203.11,9999,-9999
02/12/2016 16:00,CENTRAL EAST - VC,23330,2532.16,2665,-9999
02/12/2016 16:00,DYSINGER EAST,23326,1815.96,3150,-9999
02/12/2016 16:00,MOSES SOUTH,23319,1516.34,3000,-1600
02/12/2016 16:00,SCH - HQ - NY,23324,1126,1178,-1000
02/12/2016 16:00,SCH - HQ_CEDARS,325274,0,199,-100
02/12/2016 16:00,SCH - HQ_IMPORT_EXPORT,325376,867,1310,-9999
02/12/2016 16:00,SCH - NE - NY,23318,-527.69,1400,-1600
02/12/2016 16:00,SCH - NPX_1385,325277,-17,200,-200
02/12/2016 16:00,SCH - NPX_CSC,325154,0,330,-330
02/12/2016 16:00,SCH - OH - NY,23317,1568.49,1900,-1900
02/12/2016 16:00,SCH - PJ - NY,23316,646.01,2600,-1300
02/12/2016 16:00,SCH - PJM_HTP,325905,0,0,0
02/12/2016 16:00,SCH - PJM_NEPTUNE,325305,660,660,-660
02/12/2016 16:00,SCH - PJM_VFT,325658,315,315,-315
02/12/2016 16:00,SPR/DUN-SOUTH,23320,2966.57,4600,-9999
02/12/2016 16:00,TOTAL EAST,23314,4574.49,6500,-9999
02/12/2016 16:00,UPNY CONED,23315,2775.12,5100,-9999
02/12/2016 16:00,WEST CENTRAL,23312,1185.48,9999,-9999
02/12/2016 16:05,CENTRAL EAST - VC,23330,2564.52,2665,-9999
02/12/2016 16:05,DYSINGER EAST,23326,1968.63,3150,-9999
02/12/2016 16:05,MOSES SOUTH,23319,1407.51,3000,-1600
02/12/2016 16:05,SCH - HQ - NY,23324,1076,1178,-1000
02/12/2016 16:05,SCH - HQ_CEDARS,325274,0,199,-100
02/12/2016 16:05,SCH - HQ_IMPORT_EXPORT,325376,817,1310,-9999
02/12/2016 16:05,SCH - NE - NY,23318,-566.12,1400,-1600
02/12/2016 16:05,SCH - NPX_1385,325277,0,200,-200
02/12/2016 16:05,SCH - NPX_CSC,325154,0,330,-330
02/12/2016 16:05,SCH - OH - NY,23317,1536.8,1900,-1900
02/12/2016 16:05,SCH - PJ - NY,23316,589.38,2600,-1300
02/12/2016 16:05,SCH - PJM_HTP,325905,0,0,0
02/12/2016 16:05,SCH - PJM_NEPTUNE,325305,660,660,-660
02/12/2016 16:05,SCH - PJM_VFT,325658,315,315,-315
02/12/2016 16:05,SPR/DUN-SOUTH,23320,2986.48,4600,-9999
02/12/2016 16:05,TOTAL EAST,23314,4551.47,6500,-9999
02/12/2016 16:05,UPNY CONED,23315,2775.72,5100,-9999
02/12/2016 16:05,WEST CENTRAL,23312,1331.69,9999,-9999
02/12/2016 16:10,CENTRAL EAST - VC,23330,2552.11,2665,-9999
02/12/2016 16:10,DYSINGER EAST,23326,1920.18,3150,-9999
02/12/2016 16:10,MOSES SOUTH,23319,1379.88,3000,-1600
02/12/2016 16:10,SCH - HQ - NY,23324,1076,1178,-1000
02/12/2016 16:10,SCH - HQ_CEDARS,325274,0,199,-100
02/12/2016 16:10,SCH - HQ_IMPORT_EXPORT,325376,817,1310,-9999
02/12/2016 16:10,SCH - NE - NY,23318,-565.86,1400,-1600
02/12/2016 16:10,SCH - NPX_1385,325277,0,200,-200
02/12/2016 16:10,SCH - NPX_CSC,325154,0,330,-330
02/12/2016 16:10,SCH - OH - NY,23317,1536.63,1900,-1900
02/12/2016 16:10,SCH - PJ - NY,23316,588.73,2600,-1300
02/12/2016 16:10,SCH - PJM_HTP,325905,0,0,0
02/12/2016 16:10,SCH - PJM_NEPTUNE,325305,660,660,-660
02/12/2016 16:10,SCH - PJM_VFT,325658,315,315,-315
02/12/2016 16:10,SPR/DUN-SOUTH,23320,2995.45,4600,-9999
02/12/2016 16:10,TOTAL EAST,23314,4435.14,6500,-9999
02/12/2016 16:10,UPNY CONED,23315,2770.76,5100,-9999
02/12/2016 16:10,WEST CENTRAL,23312,1281.83,9999,-9999
02/12/2016 16:15,CENTRAL EAST - VC,23330,2549.6,2665,-9999
02/12/2016 16:15,DYSINGER EAST,23326,1921.36,3150,-9999
02/12/2016 16:15,MOSES SOUTH,23319,1451.43,3000,-1600
02/12/2016 16:15,SCH - HQ - NY,23324,1076,1178,-1000
02/12/2016 16:15,SCH - HQ_CEDARS,325274,0,199,-100
02/12/2016 16:15,SCH - HQ_IMPORT_EXPORT,325376,817,1310,-9999
02/12/2016 16:15,SCH - NE - NY,23318,-597.75,1400,-1600
02/12/2016 16:15,SCH - NPX_1385,325277,0,200,-200
02/12/2016 16:15,SCH - NPX_CSC,325154,0,330,-330
02/12/2016 16:15,SCH - OH - NY,23317,1536.98,1900,-1900
02/12/2016 16:15,SCH - PJ - NY,23316,605.38,2600,-1300
02/12/2016 16:15,SCH - PJM_HTP,325905,0,0,0
02/12/2016 16:15,SCH - PJM_NEPTUNE,325305,660,660,-660
02/12/2016 16:15,SCH - PJM_VFT,325658,315,315,-315
02/12/2016 16:15,SPR/DUN-SOUTH,23320,2992.71,4600,-9999
02/12/2016 16:15,TOTAL EAST,23314,4477.62,6500,-9999
02/12/2016 16:15,UPNY CONED,23315,2765.7,5100,-9999
02/12/2016 16:15,WEST CENTRAL,23312,1286.72,9999,-9999
02/12/2016 16:20,CENTRAL EAST - VC,23330,2550.98,2665,-9999
02/12/2016 16:20,DYSINGER EAST,23326,1954.54,3150,-9999
02/12/2016 16:20,MOSES SOUTH,23319,1421.77,3000,-1600
02/12/2016 16:20,SCH - HQ - NY,23324,1076,1178,-1000
02/12/2016 16:20,SCH - HQ_CEDARS,325274,0,199,-100
02/12/2016 16:20,SCH - HQ_IMPORT_EXPORT,325376,817,1310,-9999
02/12/2016 16:20,SCH - NE - NY,23318,-628.57,1400,-1600
02/12/2016 16:20,SCH - NPX_1385,325277,0,200,-200
02/12/2016 16:20,SCH - NPX_CSC,325154,0,330,-330
02/12/2016 16:20,SCH - OH - NY,23317,1536.83,1900,-1900
02/12/2016 16:20,SCH - PJ - NY,23316,621.46,2600,-1300
02/12/2016 16:20,SCH - PJM_HTP,325905,0,0,0
02/12/2016 16:20,SCH - PJM_NEPTUNE,325305,660,660,-660
02/12/2016 16:20,SCH - PJM_VFT,325658,315,315,-315
02/12/2016 16:20,SPR/DUN-SOUTH,23320,2986.17,4600,-9999
02/12/2016 16:20,TOTAL EAST,23314,4516.14,6500,-9999
02/12/2016 16:20,UPNY CONED,23315,2759.58,5100,-9999
02/12/2016 16:20,WEST CENTRAL,23312,1316.53,9999,-9999
02/12/2016 16:25,CENTRAL EAST - VC,23330,2553.58,2665,-9999
02/12/2016 16:25,DYSINGER EAST,23326,1933.38,3150,-9999
02/12/2016 16:25,MOSES SOUTH,23319,1432.46,3000,-1600
02/12/2016 16:25,SCH - HQ - NY,23324,1076,1178,-1000
02/12/2016 16:25,SCH - HQ_CEDARS,325274,0,199,-100
02/12/2016 16:25,SCH - HQ_IMPORT_EXPORT,325376,817,1310,-9999
02/12/2016 16:25,SCH - NE - NY,23318,-628.4,1400,-1600
02/12/2016 16:25,SCH - NPX_1385,325277,0,200,-200
02/12/2016 16:25,SCH - NPX_CSC,325154,0,330,-330
02/12/2016 16:25,SCH - OH - NY,23317,1536.96,1900,-1900
02/12/2016 16:25,SCH - PJ - NY,23316,621.32,2600,-1300
02/12/2016 16:25,SCH - PJM_HTP,325905,0,0,0
02/12/2016 16:25,SCH - PJM_NEPTUNE,325305,660,660,-660
02/12/2016 16:25,SCH - PJM_VFT,325658,315,315,-315
02/12/2016 16:25,SPR/DUN-SOUTH,23320,2987.55,4600,-9999
02/12/2016 16:25,TOTAL EAST,23314,4435.29,6500,-9999
02/12/2016 16:25,UPNY CONED,23315,2736.77,5100,-9999
02/12/2016 16:25,WEST CENTRAL,23312,1292.63,9999,-9999
02/12/2016 16:30,CENTRAL EAST - VC,23330,2554.26,2665,-9999
02/12/2016 16:30,DYSINGER EAST,23326,1991.77,3150,-9999
02/12/2016 16:30,MOSES SOUTH,23319,1426.77,3000,-1600
02/12/2016 16:30,SCH - HQ - NY,23324,1076,1178,-1000
02/12/2016 16:30,SCH - HQ_CEDARS,325274,0,199,-100
02/12/2016 16:30,SCH - HQ_IMPORT_EXPORT,325376,817,1310,-9999
02/12/2016 16:30,SCH - NE - NY,23318,-579.98,1400,-1600
02/12/2016 16:30,SCH - NPX_1385,325277,0,200,-200
02/12/2016 16:30,SCH - NPX_CSC,325154,0,330,-330
02/12/2016 16:30,SCH - OH - NY,23317,1536.88,1900,-1900
02/12/2016 16:30,SCH - PJ - NY,23316,642.55,2600,-1300
02/12/2016 16:30,SCH - PJM_HTP,325905,0,0,0
02/12/2016 16:30,SCH - PJM_NEPTUNE,325305,660,660,-660
02/12/2016 16:30,SCH - PJM_VFT,325658,315,315,-315
02/12/2016 16:30,SPR/DUN-SOUTH,23320,2986.94,4600,-9999
02/12/2016 16:30,TOTAL EAST,23314,4564.47,6500,-9999
02/12/2016 16:30,UPNY CONED,23315,2758.1,5100,-9999
02/12/2016 16:30,WEST CENTRAL,23312,1344.98,9999,-9999
02/12/2016 16:35,CENTRAL EAST - VC,23330,2548.71,2665,-9999
02/12/2016 16:35,DYSINGER EAST,23326,1981.58,3150,-9999
02/12/2016 16:35,MOSES SOUTH,23319,1420.71,3000,-1600
02/12/2016 16:35,SCH - HQ - NY,23324,1076,1178,-1000
02/12/2016 16:35,SCH - HQ_CEDARS,325274,0,199,-100
02/12/2016 16:35,SCH - HQ_IMPORT_EXPORT,325376,817,1310,-9999
02/12/2016 16:35,SCH - NE - NY,23318,-531.32,1400,-1600
02/12/2016 16:35,SCH - NPX_1385,325277,0,200,-200
02/12/2016 16:35,SCH - NPX_CSC,325154,0,330,-330
02/12/2016 16:35,SCH - OH - NY,23317,1536.83,1900,-1900
02/12/2016 16:35,SCH - PJ - NY,23316,667.71,2600,-1300
02/12/2016 16:35,SCH - PJM_HTP,325905,0,0,0
02/12/2016 16:35,SCH - PJM_NEPTUNE,325305,660,660,-660
02/12/2016 16:35,SCH - PJM_VFT,325658,315,315,-315
02/12/2016 16:35,SPR/DUN-SOUTH,23320,2971.31,4600,-9999
02/12/2016 16:35,TOTAL EAST,23314,4538.39,6500,-9999
02/12/2016 16:35,UPNY CONED,23315,2764.09,5100,-9999
02/12/2016 16:35,WEST CENTRAL,23312,1329.48,9999,-9999
02/12/2016 16:40,CENTRAL EAST - VC,23330,2552.92,2665,-9999
02/12/2016 16:40,DYSINGER EAST,23326,1958,3150,-9999
02/12/2016 16:40,MOSES SOUTH,23319,1402.38,3000,-1600
02/12/2016 16:40,SCH - HQ - NY,23324,1076,1178,-1000
02/12/2016 16:40,SCH - HQ_CEDARS,325274,0,199,-100
02/12/2016 16:40,SCH - HQ_IMPORT_EXPORT,325376,817,1310,-9999
02/12/2016 16:40,SCH - NE - NY,23318,-531.1,1400,-1600
02/12/2016 16:40,SCH - NPX_1385,325277,0,200,-200
02/12/2016 16:40,SCH - NPX_CSC,325154,0,330,-330
02/12/2016 16:40,SCH - OH - NY,23317,1536.86,1900,-1900
02/12/2016 16:40,SCH - PJ - NY,23316,665.1,2600,-1300
02/12/2016 16:40,SCH - PJM_HTP,325905,0,0,0
02/12/2016 16:40,SCH - PJM_NEPTUNE,325305,660,660,-660
02/12/2016 16:40,SCH - PJM_VFT,325658,315,315,-315
02/12/2016 16:40,SPR/DUN-SOUTH,23320,3001.13,4600,-9999
02/12/2016 16:40,TOTAL EAST,23314,4467.84,6500,-9999
02/12/2016 16:40,UPNY CONED,23315,2789.67,5100,-9999
02/12/2016 16:40,WEST CENTRAL,23312,1306.96,9999,-9999
02/12/2016 16:45,CENTRAL EAST - VC,23330,2524.8,2665,-9999
02/12/2016 16:45,DYSINGER EAST,23326,1818.44,3150,-9999
02/12/2016 16:45,MOSES SOUTH,23319,1451.78,3000,-1600
02/12/2016 16:45,SCH - HQ - NY,23324,1076,1178,-1000
02/12/2016 16:45,SCH - HQ_CEDARS,325274,0,199,-100
02/12/2016 16:45,SCH - HQ_IMPORT_EXPORT,325376,817,1310,-9999
02/12/2016 16:45,SCH - NE - NY,23318,-570.18,1400,-1600
02/12/2016 16:45,SCH - NPX_1385,325277,0,200,-200
02/12/2016 16:45,SCH - NPX_CSC,325154,0,330,-330
02/12/2016 16:45,SCH - OH - NY,23317,1536.58,1900,-1900
02/12/2016 16:45,SCH - PJ - NY,23316,663.84,2600,-1300
02/12/2016 16:45,SCH - PJM_HTP,325905,0,0,0
02/12/2016 16:45,SCH - PJM_NEPTUNE,325305,660,660,-660
02/12/2016 16:45,SCH - PJM_VFT,325658,315,315,-315
02/12/2016 16:45,SPR/DUN-SOUTH,23320,2966.15,4600,-9999
02/12/2016 16:45,TOTAL EAST,23314,4448.7,6500,-9999
02/12/2016 16:45,UPNY CONED,23315,2760.73,5100,-9999
02/12/2016 16:45,WEST CENTRAL,23312,1174.49,9999,-9999
02/12/2016 16:50,CENTRAL EAST - VC,23330,2556.75,2665,-9999
02/12/2016 16:50,DYSINGER EAST,23326,1960.32,3150,-9999
02/12/2016 16:50,MOSES SOUTH,23319,1395.95,3000,-1600
02/12/2016 16:50,SCH - HQ - NY,23324,1076,1178,-1000
02/12/2016 16:50,SCH - HQ_CEDARS,325274,0,199,-100
02/12/2016 16:50,SCH - HQ_IMPORT_EXPORT,325376,817,1310,-9999
02/12/2016 16:50,SCH - NE - NY,23318,-609.82,1400,-1600
02/12/2016 16:50,SCH - NPX_1385,325277,0,200,-200
02/12/2016 16:50,SCH - NPX_CSC,325154,0,330,-330
02/12/2016 16:50,SCH - OH - NY,23317,1536.71,1900,-1900
02/12/2016 16:50,SCH - PJ - NY,23316,663.35,2600,-1300
02/12/2016 16:50,SCH - PJM_HTP,325905,0,0,0
02/12/2016 16:50,SCH - PJM_NEPTUNE,325305,660,660,-660
02/12/2016 16:50,SCH - PJM_VFT,325658,315,315,-315
02/12/2016 16:50,SPR/DUN-SOUTH,23320,2975.07,4600,-9999
02/12/2016 16:50,TOTAL EAST,23314,4545.39,6500,-9999
02/12/2016 16:50,UPNY CONED,23315,2763.9,5100,-9999
02/12/2016 16:50,WEST CENTRAL,23312,1308.52,9999,-9999
02/12/2016 16:55,CENTRAL EAST - VC,23330,2555.17,2665,-9999
02/12/2016 16:55,DYSINGER EAST,23326,1885.55,3150,-9999
02/12/2016 16:55,MOSES SOUTH,23319,1412.55,3150,-1600
02/12/2016 16:55,SCH - HQ - NY,23324,1076,1178,-1000
02/12/2016 16:55,SCH - HQ_CEDARS,325274,0,199,-100
02/12/2016 16:55,SCH - HQ_IMPORT_EXPORT,325376,817,1310,-9999
02/12/2016 16:55,SCH - NE - NY,23318,-609.63,1400,-1600
02/12/2016 16:55,SCH - NPX_1385,325277,0,200,-200
02/12/2016 16:55,SCH - NPX_CSC,325154,0,330,-330
02/12/2016 16:55,SCH - OH - NY,23317,1536.67,1900,-1900
02/12/2016 16:55,SCH - PJ - NY,23316,661.44,2600,-1300
02/12/2016 16:55,SCH - PJM_HTP,325905,0,0,0
02/12/2016 16:55,SCH - PJM_NEPTUNE,325305,660,660,-660
02/12/2016 16:55,SCH - PJM_VFT,325658,315,315,-315
02/12/2016 16:55,SPR/DUN-SOUTH,23320,2971.35,4600,-9999
02/12/2016 16:55,TOTAL EAST,23314,4449.83,6500,-9999
02/12/2016 16:55,UPNY CONED,23315,2737.9,5100,-9999
02/12/2016 16:55,WEST CENTRAL,23312,1226.06,9999,-9999
02/12/2016 17:00,CENTRAL EAST - VC,23330,2481.37,2665,-9999
02/12/2016 17:00,DYSINGER EAST,23326,1688.82,3150,-9999
02/12/2016 17:00,MOSES SOUTH,23319,1514.26,3150,-1600
02/12/2016 17:00,SCH - HQ - NY,23324,1085,1178,-1000
02/12/2016 17:00,SCH - HQ_CEDARS,325274,0,199,-100
02/12/2016 17:00,SCH - HQ_IMPORT_EXPORT,325376,826,1310,-9999
02/12/2016 17:00,SCH - NE - NY,23318,-591.84,1400,-1600
02/12/2016 17:00,SCH - NPX_1385,325277,-17,200,-200
02/12/2016 17:00,SCH - NPX_CSC,325154,0,330,-330
02/12/2016 17:00,SCH - OH - NY,23317,1555.41,1900,-1900
02/12/2016 17:00,SCH - PJ - NY,23316,445.47,2600,-1300
02/12/2016 17:00,SCH - PJM_HTP,325905,0,0,0
02/12/2016 17:00,SCH - PJM_NEPTUNE,325305,660,660,-660
02/12/2016 17:00,SCH - PJM_VFT,325658,315,315,-315
02/12/2016 17:00,SPR/DUN-SOUTH,23320,3026.81,4600,-9999
02/12/2016 17:00,TOTAL EAST,23314,4277.71,6500,-9999
02/12/2016 17:00,UPNY CONED,23315,2742.69,5100,-9999
02/12/2016 17:00,WEST CENTRAL,23312,1043.96,9999,-9999
02/12/2016 17:05,CENTRAL EAST - VC,23330,2496.7,2665,-9999
02/12/2016 17:05,DYSINGER EAST,23326,1754.31,3150,-9999
02/12/2016 17:05,MOSES SOUTH,23319,1522.34,3150,-1600
02/12/2016 17:05,SCH - HQ - NY,23324,1094,1178,-1000
02/12/2016 17:05,SCH - HQ_CEDARS,325274,0,199,-100
02/12/2016 17:05,SCH - HQ_IMPORT_EXPORT,325376,835,1310,-9999
02/12/2016 17:05,SCH - NE - NY,23318,-574.76,1400,-1600
02/12/2016 17:05,SCH - NPX_1385,325277,-34,200,-200
02/12/2016 17:05,SCH - NPX_CSC,325154,0,330,-330
02/12/2016 17:05,SCH - OH - NY,23317,1574.24,1900,-1900
02/12/2016 17:05,SCH - PJ - NY,23316,228.16,2600,-1300
02/12/2016 17:05,SCH - PJM_HTP,325905,0,0,0
02/12/2016 17:05,SCH - PJM_NEPTUNE,325305,660,660,-660
02/12/2016 17:05,SCH - PJM_VFT,325658,315,315,-315
02/12/2016 17:05,SPR/DUN-SOUTH,23320,3003.29,4600,-9999
02/12/2016 17:05,TOTAL EAST,23314,4177.4,6500,-9999
02/12/2016 17:05,UPNY CONED,23315,2761.67,5100,-9999
02/12/2016 17:05,WEST CENTRAL,23312,1108.3,9999,-9999
02/12/2016 17:10,CENTRAL EAST - VC,23330,2519.65,2665,-9999
02/12/2016 17:10,DYSINGER EAST,23326,1921.72,3150,-9999
02/12/2016 17:10,MOSES SOUTH,23319,1548.61,3150,-1600
02/12/2016 17:10,SCH - HQ - NY,23324,1094,1178,-1000
02/12/2016 17:10,SCH - HQ_CEDARS,325274,0,199,-100
02/12/2016 17:10,SCH - HQ_IMPORT_EXPORT,325376,835,1310,-9999
02/12/2016 17:10,SCH - NE - NY,23318,-574.61,1400,-1600
02/12/2016 17:10,SCH - NPX_1385,325277,-34,200,-200
02/12/2016 17:10,SCH - NPX_CSC,325154,0,330,-330
02/12/2016 17:10,SCH - OH - NY,23317,1574.69,1900,-1900
02/12/2016 17:10,SCH - PJ - NY,23316,228.22,2600,-1300
02/12/2016 17:10,SCH - PJM_HTP,325905,0,0,0
02/12/2016 17:10,SCH - PJM_NEPTUNE,325305,660,660,-660
02/12/2016 17:10,SCH - PJM_VFT,325658,315,315,-315
02/12/2016 17:10,SPR/DUN-SOUTH,23320,3075.93,4600,-9999
02/12/2016 17:10,TOTAL EAST,23314,4165.69,6500,-9999
02/12/2016 17:10,UPNY CONED,23315,2820.4,5100,-9999
02/12/2016 17:10,WEST CENTRAL,23312,1206.56,9999,-9999
02/12/2016 17:15,CENTRAL EAST - VC,23330,2555.04,2665,-9999
02/12/2016 17:15,DYSINGER EAST,23326,2003.16,3150,-9999
02/12/2016 17:15,MOSES SOUTH,23319,1568.55,3150,-1600
02/12/2016 17:15,SCH - HQ - NY,23324,1094,1178,-1000
02/12/2016 17:15,SCH - HQ_CEDARS,325274,0,199,-100
02/12/2016 17:15,SCH - HQ_IMPORT_EXPORT,325376,835,1310,-9999
02/12/2016 17:15,SCH - NE - NY,23318,-674.38,1400,-1600
02/12/2016 17:15,SCH - NPX_1385,325277,-34,200,-200
02/12/2016 17:15,SCH - NPX_CSC,325154,0,330,-330
02/12/2016 17:15,SCH - OH - NY,23317,1574.92,1900,-1900
02/12/2016 17:15,SCH - PJ - NY,23316,230.08,2600,-1300
02/12/2016 17:15,SCH - PJM_HTP,325905,0,0,0
02/12/2016 17:15,SCH - PJM_NEPTUNE,325305,660,660,-660
02/12/2016 17:15,SCH - PJM_VFT,325658,315,315,-315
02/12/2016 17:15,SPR/DUN-SOUTH,23320,3022.36,4600,-9999
02/12/2016 17:15,TOTAL EAST,23314,4120.9,6500,-9999
02/12/2016 17:15,UPNY CONED,23315,2755.78,5100,-9999
02/12/2016 17:15,WEST CENTRAL,23312,1277.37,9999,-9999
02/12/2016 17:20,CENTRAL EAST - VC,23330,2550.34,2665,-9999
02/12/2016 17:20,DYSINGER EAST,23326,1944.1,3150,-9999
02/12/2016 17:20,MOSES SOUTH,23319,1509.08,3150,-1600
02/12/2016 17:20,SCH - HQ - NY,23324,1094,1178,-1000
02/12/2016 17:20,SCH - HQ_CEDARS,325274,0,199,-100
02/12/2016 17:20,SCH - HQ_IMPORT_EXPORT,325376,835,1310,-9999
02/12/2016 17:20,SCH - NE - NY,23318,-773.56,1400,-1600
02/12/2016 17:20,SCH - NPX_1385,325277,-34,200,-200
02/12/2016 17:20,SCH - NPX_CSC,325154,0,330,-330
02/12/2016 17:20,SCH - OH - NY,23317,1574.47,1900,-1900
02/12/2016 17:20,SCH - PJ - NY,23316,226.93,2600,-1300
02/12/2016 17:20,SCH - PJM_HTP,325905,0,0,0
02/12/2016 17:20,SCH - PJM_NEPTUNE,325305,660,660,-660
02/12/2016 17:20,SCH - PJM_VFT,325658,315,315,-315
02/12/2016 17:20,SPR/DUN-SOUTH,23320,2991.65,4600,-9999
02/12/2016 17:20,TOTAL EAST,23314,4098.18,6500,-9999
02/12/2016 17:20,UPNY CONED,23315,2687.91,5100,-9999
02/12/2016 17:20,WEST CENTRAL,23312,1224.23,9999,-9999
02/12/2016 17:25,CENTRAL EAST - VC,23330,2554.09,2665,-9999
02/12/2016 17:25,DYSINGER EAST,23326,1928.48,3150,-9999
02/12/2016 17:25,MOSES SOUTH,23319,1513.4,3150,-1600
02/12/2016 17:25,SCH - HQ - NY,23324,1094,1178,-1000
02/12/2016 17:25,SCH - HQ_CEDARS,325274,0,199,-100
02/12/2016 17:25,SCH - HQ_IMPORT_EXPORT,325376,835,1310,-9999
02/12/2016 17:25,SCH - NE - NY,23318,-773.44,1400,-1600
02/12/2016 17:25,SCH - NPX_1385,325277,-34,200,-200
02/12/2016 17:25,SCH - NPX_CSC,325154,0,330,-330
02/12/2016 17:25,SCH - OH - NY,23317,1574.55,1900,-1900
02/12/2016 17:25,SCH - PJ - NY,23316,228.19,2600,-1300
02/12/2016 17:25,SCH - PJM_HTP,325905,0,0,0
02/12/2016 17:25,SCH - PJM_NEPTUNE,325305,660,660,-660
02/12/2016 17:25,SCH - PJM_VFT,325658,315,315,-315
02/12/2016 17:25,SPR/DUN-SOUTH,23320,2987.75,4600,-9999
02/12/2016 17:25,TOTAL EAST,23314,4034.91,6500,-9999
02/12/2016 17:25,UPNY CONED,23315,2705.34,5100,-9999
02/12/2016 17:25,WEST CENTRAL,23312,1209.68,9999,-9999
02/12/2016 17:30,CENTRAL EAST - VC,23330,2564.48,2665,-9999
02/12/2016 17:30,DYSINGER EAST,23326,2028.69,3150,-9999
02/12/2016 17:30,MOSES SOUTH,23319,1502.45,3150,-1600
02/12/2016 17:30,SCH - HQ - NY,23324,1094,1178,-1000
02/12/2016 17:30,SCH - HQ_CEDARS,325274,0,199,-100
02/12/2016 17:30,SCH - HQ_IMPORT_EXPORT,325376,835,1310,-9999
02/12/2016 17:30,SCH - NE - NY,23318,-728.07,1400,-1600
02/12/2016 17:30,SCH - NPX_1385,325277,-34,200,-200
02/12/2016 17:30,SCH - NPX_CSC,325154,0,330,-330
02/12/2016 17:30,SCH - OH - NY,23317,1574.7,1900,-1900
02/12/2016 17:30,SCH - PJ - NY,23316,333.61,2600,-1300
02/12/2016 17:30,SCH - PJM_HTP,325905,0,0,0
02/12/2016 17:30,SCH - PJM_NEPTUNE,325305,660,660,-660
02/12/2016 17:30,SCH - PJM_VFT,325658,315,315,-315
02/12/2016 17:30,SPR/DUN-SOUTH,23320,3026.3,4600,-9999
02/12/2016 17:30,TOTAL EAST,23314,4161.69,6500,-9999
02/12/2016 17:30,UPNY CONED,23315,2758.4,5100,-9999
02/12/2016 17:30,WEST CENTRAL,23312,1296.5,9999,-9999
02/12/2016 17:35,CENTRAL EAST - VC,23330,2565.15,2665,-9999
02/12/2016 17:35,DYSINGER EAST,23326,1979.49,3150,-9999
02/12/2016 17:35,MOSES SOUTH,23319,1477.73,3150,-1600
02/12/2016 17:35,SCH - HQ - NY,23324,1094,1178,-1000
02/12/2016 17:35,SCH - HQ_CEDARS,325274,0,199,-100
02/12/2016 17:35,SCH - HQ_IMPORT_EXPORT,325376,835,1310,-9999
02/12/2016 17:35,SCH - NE - NY,23318,-683.8,1400,-1600
02/12/2016 17:35,SCH - NPX_1385,325277,-34,200,-200
02/12/2016 17:35,SCH - NPX_CSC,325154,0,330,-330
02/12/2016 17:35,SCH - OH - NY,23317,1574.56,1900,-1900
02/12/2016 17:35,SCH - PJ - NY,23316,437.44,2600,-1300
02/12/2016 17:35,SCH - PJM_HTP,325905,0,0,0
02/12/2016 17:35,SCH - PJM_NEPTUNE,325305,660,660,-660
02/12/2016 17:35,SCH - PJM_VFT,325658,315,315,-315
02/12/2016 17:35,SPR/DUN-SOUTH,23320,3032.54,4600,-9999
02/12/2016 17:35,TOTAL EAST,23314,4168.38,6500,-9999
02/12/2016 17:35,UPNY CONED,23315,2781.39,5100,-9999
02/12/2016 17:35,WEST CENTRAL,23312,1241.32,9999,-9999
02/12/2016 17:40,CENTRAL EAST - VC,23330,2552.34,2665,-9999
02/12/2016 17:40,DYSINGER EAST,23326,1932.31,3150,-9999
02/12/2016 17:40,MOSES SOUTH,23319,1491.23,3150,-1600
02/12/2016 17:40,SCH - HQ - NY,23324,1094,1178,-1000
02/12/2016 17:40,SCH - HQ_CEDARS,325274,0,199,-100
02/12/2016 17:40,SCH - HQ_IMPORT_EXPORT,325376,835,1310,-9999
02/12/2016 17:40,SCH - NE - NY,23318,-683.7,1400,-1600
02/12/2016 17:40,SCH - NPX_1385,325277,-34,200,-200
02/12/2016 17:40,SCH - NPX_CSC,325154,0,330,-330
02/12/2016 17:40,SCH - OH - NY,23317,1574.65,1900,-1900
02/12/2016 17:40,SCH - PJ - NY,23316,439.72,2600,-1300
02/12/2016 17:40,SCH - PJM_HTP,325905,0,0,0
02/12/2016 17:40,SCH - PJM_NEPTUNE,325305,660,660,-660
02/12/2016 17:40,SCH - PJM_VFT,325658,315,315,-315
02/12/2016 17:40,SPR/DUN-SOUTH,23320,3042.49,4600,-9999
02/12/2016 17:40,TOTAL EAST,23314,4051.81,6500,-9999
02/12/2016 17:40,UPNY CONED,23315,2789.96,5100,-9999
02/12/2016 17:40,WEST CENTRAL,23312,1191.45,9999,-9999
02/12/2016 17:45,CENTRAL EAST - VC,23330,2565.26,2665,-9999
02/12/2016 17:45,DYSINGER EAST,23326,2021.14,3150,-9999
02/12/2016 17:45,MOSES SOUTH,23319,1518.42,3150,-1600
02/12/2016 17:45,SCH - HQ - NY,23324,1094,1178,-1000
02/12/2016 17:45,SCH - HQ_CEDARS,325274,0,199,-100
02/12/2016 17:45,SCH - HQ_IMPORT_EXPORT,325376,835,1310,-9999
02/12/2016 17:45,SCH - NE - NY,23318,-717.73,1400,-1600
02/12/2016 17:45,SCH - NPX_1385,325277,-34,200,-200
02/12/2016 17:45,SCH - NPX_CSC,325154,0,330,-330
02/12/2016 17:45,SCH - OH - NY,23317,1574.88,1900,-1900
02/12/2016 17:45,SCH - PJ - NY,23316,621.5,2600,-1300
02/12/2016 17:45,SCH - PJM_HTP,325905,0,0,0
02/12/2016 17:45,SCH - PJM_NEPTUNE,325305,660,660,-660
02/12/2016 17:45,SCH - PJM_VFT,325658,315,315,-315
02/12/2016 17:45,SPR/DUN-SOUTH,23320,3035.54,4600,-9999
02/12/2016 17:45,TOTAL EAST,23314,4289.25,6500,-9999
02/12/2016 17:45,UPNY CONED,23315,2816.92,5100,-9999
02/12/2016 17:45,WEST CENTRAL,23312,1268.39,9999,-9999
02/12/2016 17:50,CENTRAL EAST - VC,23330,2567.44,2665,-9999
02/12/2016 17:50,DYSINGER EAST,23326,1976.16,3150,-9999
02/12/2016 17:50,MOSES SOUTH,23319,1505.97,3150,-1600
02/12/2016 17:50,SCH - HQ - NY,23324,1094,1178,-1000
02/12/2016 17:50,SCH - HQ_CEDARS,325274,0,199,-100
02/12/2016 17:50,SCH - HQ_IMPORT_EXPORT,325376,835,1310,-9999
02/12/2016 17:50,SCH - NE - NY,23318,-752.46,1400,-1600
02/12/2016 17:50,SCH - NPX_1385,325277,-34,200,-200
02/12/2016 17:50,SCH - NPX_CSC,325154,0,330,-330
02/12/2016 17:50,SCH - OH - NY,23317,1575.08,1900,-1900
02/12/2016 17:50,SCH - PJ - NY,23316,815.92,2600,-1300
02/12/2016 17:50,SCH - PJM_HTP,325905,0,0,0
02/12/2016 17:50,SCH - PJM_NEPTUNE,325305,660,660,-660
02/12/2016 17:50,SCH - PJM_VFT,325658,315,315,-315
02/12/2016 17:50,SPR/DUN-SOUTH,23320,3034.04,4600,-9999
02/12/2016 17:50,TOTAL EAST,23314,4235.24,6500,-9999
02/12/2016 17:50,UPNY CONED,23315,2806.22,5100,-9999
02/12/2016 17:50,WEST CENTRAL,23312,1216.95,9999,-9999
02/12/2016 17:55,CENTRAL EAST - VC,23330,2548.52,2665,-9999
02/12/2016 17:55,DYSINGER EAST,23326,1864.21,3150,-9999
02/12/2016 17:55,MOSES SOUTH,23319,1527.85,3150,-1600
02/12/2016 17:55,SCH - HQ - NY,23324,1094,1178,-1000
02/12/2016 17:55,SCH - HQ_CEDARS,325274,0,199,-100
02/12/2016 17:55,SCH - HQ_IMPORT_EXPORT,325376,835,1310,-9999
02/12/2016 17:55,SCH - NE - NY,23318,-752.29,1400,-1600
02/12/2016 17:55,SCH - NPX_1385,325277,-34,200,-200
02/12/2016 17:55,SCH - NPX_CSC,325154,0,330,-330
02/12/2016 17:55,SCH - OH - NY,23317,1575.07,1900,-1900
02/12/2016 17:55,SCH - PJ - NY,23316,805.71,2600,-1300
02/12/2016 17:55,SCH - PJM_HTP,325905,0,0,0
02/12/2016 17:55,SCH - PJM_NEPTUNE,325305,660,660,-660
02/12/2016 17:55,SCH - PJM_VFT,325658,315,315,-315
02/12/2016 17:55,SPR/DUN-SOUTH,23320,3013.46,4600,-9999
02/12/2016 17:55,TOTAL EAST,23314,4090.15,6500,-9999
02/12/2016 17:55,UPNY CONED,23315,2767.65,5100,-9999
02/12/2016 17:55,WEST CENTRAL,23312,1104.25,9999,-9999
02/12/2016 18:00,CENTRAL EAST - VC,23330,2561.77,2665,-9999
02/12/2016 18:00,DYSINGER EAST,23326,1915.77,3150,-9999
02/12/2016 18:00,MOSES SOUTH,23319,1623.94,3150,-1600
02/12/2016 18:00,SCH - HQ - NY,23324,1136,1178,-1000
02/12/2016 18:00,SCH - HQ_CEDARS,325274,50,199,-100
02/12/2016 18:00,SCH - HQ_IMPORT_EXPORT,325376,877,1310,-9999
02/12/2016 18:00,SCH - NE - NY,23318,-652.76,1400,-1600
02/12/2016 18:00,SCH - NPX_1385,325277,-29,200,-200
02/12/2016 18:00,SCH - NPX_CSC,325154,0,330,-330
02/12/2016 18:00,SCH - OH - NY,23317,1378.07,1900,-1900
02/12/2016 18:00,SCH - PJ - NY,23316,679.68,2600,-1300
02/12/2016 18:00,SCH - PJM_HTP,325905,0,0,0
02/12/2016 18:00,SCH - PJM_NEPTUNE,325305,503,660,-660
02/12/2016 18:00,SCH - PJM_VFT,325658,315,315,-315
02/12/2016 18:00,SPR/DUN-SOUTH,23320,2993.76,4600,-9999
02/12/2016 18:00,TOTAL EAST,23314,4112.46,6500,-9999
02/12/2016 18:00,UPNY CONED,23315,2883.4,5100,-9999
02/12/2016 18:00,WEST CENTRAL,23312,1141.9,9999,-9999
02/12/2016 18:05,CENTRAL EAST - VC,23330,2563.73,2665,-9999
02/12/2016 18:05,DYSINGER EAST,23326,1933.33,3150,-9999
02/12/2016 18:05,MOSES SOUTH,23319,1734.61,3150,-1600
02/12/2016 18:05,SCH - HQ - NY,23324,1178,1178,-1000
02/12/2016 18:05,SCH - HQ_CEDARS,325274,100,199,-100
02/12/2016 18:05,SCH - HQ_IMPORT_EXPORT,325376,919,1310,-9999
02/12/2016 18:05,SCH - NE - NY,23318,-553.92,1400,-1600
02/12/2016 18:05,SCH - NPX_1385,325277,-25,200,-200
02/12/2016 18:05,SCH - NPX_CSC,325154,0,330,-330
02/12/2016 18:05,SCH - OH - NY,23317,1180.96,1900,-1900
02/12/2016 18:05,SCH - PJ - NY,23316,556.7,2600,-1300
02/12/2016 18:05,SCH - PJM_HTP,325905,0,0,0
02/12/2016 18:05,SCH - PJM_NEPTUNE,325305,347,660,-660
02/12/2016 18:05,SCH - PJM_VFT,325658,315,315,-315
02/12/2016 18:05,SPR/DUN-SOUTH,23320,2993.74,4600,-9999
02/12/2016 18:05,TOTAL EAST,23314,4162.08,6500,-9999
02/12/2016 18:05,UPNY CONED,23315,3016.03,5100,-9999
02/12/2016 18:05,WEST CENTRAL,23312,1148.65,9999,-9999
02/12/2016 18:10,CENTRAL EAST - VC,23330,2565.08,2665,-9999
02/12/2016 18:10,DYSINGER EAST,23326,2049.21,3150,-9999
02/12/2016 18:10,MOSES SOUTH,23319,1658.28,3150,-1600
02/12/2016 18:10,SCH - HQ - NY,23324,1178,1178,-1000
02/12/2016 18:10,SCH - HQ_CEDARS,325274,100,199,-100
02/12/2016 18:10,SCH - HQ_IMPORT_EXPORT,325376,919,1310,-9999
02/12/2016 18:10,SCH - NE - NY,23318,-554.08,1400,-1600
02/12/2016 18:10,SCH - NPX_1385,325277,-25,200,-200
02/12/2016 18:10,SCH - NPX_CSC,325154,0,330,-330
02/12/2016 18:10,SCH - OH - NY,23317,1181.12,1900,-1900
02/12/2016 18:10,SCH - PJ - NY,23316,555.66,2600,-1300
02/12/2016 18:10,SCH - PJM_HTP,325905,0,0,0
02/12/2016 18:10,SCH - PJM_NEPTUNE,325305,347,660,-660
02/12/2016 18:10,SCH - PJM_VFT,325658,315,315,-315
02/12/2016 18:10,SPR/DUN-SOUTH,23320,3040.79,4600,-9999
02/12/2016 18:10,TOTAL EAST,23314,4357.79,6500,-9999
02/12/2016 18:10,UPNY CONED,23315,3099.4,5100,-9999
02/12/2016 18:10,WEST CENTRAL,23312,1257.12,9999,-9999
02/12/2016 18:15,CENTRAL EAST - VC,23330,2565.42,2665,-9999
02/12/2016 18:15,DYSINGER EAST,23326,2020.06,3150,-9999
02/12/2016 18:15,MOSES SOUTH,23319,1601.74,3150,-1600
02/12/2016 18:15,SCH - HQ - NY,23324,1178,1178,-1000
02/12/2016 18:15,SCH - HQ_CEDARS,325274,100,199,-100
02/12/2016 18:15,SCH - HQ_IMPORT_EXPORT,325376,919,1310,-9999
02/12/2016 18:15,SCH - NE - NY,23318,-506,1400,-1600
02/12/2016 18:15,SCH - NPX_1385,325277,-25,200,-200
02/12/2016 18:15,SCH - NPX_CSC,325154,0,330,-330
02/12/2016 18:15,SCH - OH - NY,23317,1180.34,1900,-1900
02/12/2016 18:15,SCH - PJ - NY,23316,529.1,2600,-1300
02/12/2016 18:15,SCH - PJM_HTP,325905,0,0,0
02/12/2016 18:15,SCH - PJM_NEPTUNE,325305,347,660,-660
02/12/2016 18:15,SCH - PJM_VFT,325658,315,315,-315
02/12/2016 18:15,SPR/DUN-SOUTH,23320,3035.58,4600,-9999
02/12/2016 18:15,TOTAL EAST,23314,4343.67,6500,-9999
02/12/2016 18:15,UPNY CONED,23315,3107.89,5100,-9999
02/12/2016 18:15,WEST CENTRAL,23312,1232.7,9999,-9999
02/12/2016 18:20,CENTRAL EAST - VC,23330,2565.13,2665,-9999
02/12/2016 18:20,DYSINGER EAST,23326,2076.91,3150,-9999
02/12/2016 18:20,MOSES SOUTH,23319,1584.5,3150,-1600
02/12/2016 18:20,SCH - HQ - NY,23324,1178,1178,-1000
02/12/2016 18:20,SCH - HQ_CEDARS,325274,100,199,-100
02/12/2016 18:20,SCH - HQ_IMPORT_EXPORT,325376,919,1310,-9999
02/12/2016 18:20,SCH - NE - NY,23318,-458.17,1400,-1600
02/12/2016 18:20,SCH - NPX_1385,325277,-25,200,-200
02/12/2016 18:20,SCH - NPX_CSC,325154,0,330,-330
02/12/2016 18:20,SCH - OH - NY,23317,1180.16,1900,-1900
02/12/2016 18:20,SCH - PJ - NY,23316,507.75,2600,-1300
02/12/2016 18:20,SCH - PJM_HTP,325905,0,0,0
02/12/2016 18:20,SCH - PJM_NEPTUNE,325305,347,660,-660
02/12/2016 18:20,SCH - PJM_VFT,325658,315,315,-315
02/12/2016 18:20,SPR/DUN-SOUTH,23320,3062.45,4600,-9999
02/12/2016 18:20,TOTAL EAST,23314,4282.13,6500,-9999
02/12/2016 18:20,UPNY CONED,23315,3118.13,5100,-9999
02/12/2016 18:20,WEST CENTRAL,23312,1294.88,9999,-9999
02/12/2016 18:25,CENTRAL EAST - VC,23330,2556.35,2665,-9999
02/12/2016 18:25,DYSINGER EAST,23326,2085.81,3150,-9999
02/12/2016 18:25,MOSES SOUTH,23319,1580.81,3150,-1600
02/12/2016 18:25,SCH - HQ - NY,23324,1178,1178,-1000
02/12/2016 18:25,SCH - HQ_CEDARS,325274,100,199,-100
02/12/2016 18:25,SCH - HQ_IMPORT_EXPORT,325376,919,1310,-9999
02/12/2016 18:25,SCH - NE - NY,23318,-457.86,1400,-1600
02/12/2016 18:25,SCH - NPX_1385,325277,-25,200,-200
02/12/2016 18:25,SCH - NPX_CSC,325154,0,330,-330
02/12/2016 18:25,SCH - OH - NY,23317,1180.06,1900,-1900
02/12/2016 18:25,SCH - PJ - NY,23316,505.9,2600,-1300
02/12/2016 18:25,SCH - PJM_HTP,325905,0,0,0
02/12/2016 18:25,SCH - PJM_NEPTUNE,325305,347,660,-660
02/12/2016 18:25,SCH - PJM_VFT,325658,315,315,-315
02/12/2016 18:25,SPR/DUN-SOUTH,23320,3038.82,4600,-9999
02/12/2016 18:25,TOTAL EAST,23314,4262.64,6500,-9999
02/12/2016 18:25,UPNY CONED,23315,3105.3,5100,-9999
02/12/2016 18:25,WEST CENTRAL,23312,1313.59,9999,-9999
02/12/2016 18:30,CENTRAL EAST - VC,23330,2553.75,2665,-9999
02/12/2016 18:30,DYSINGER EAST,23326,2036.5,3150,-9999
02/12/2016 18:30,MOSES SOUTH,23319,1574.55,3150,-1600
02/12/2016 18:30,SCH - HQ - NY,23324,1178,1178,-1000
02/12/2016 18:30,SCH - HQ_CEDARS,325274,100,199,-100
02/12/2016 18:30,SCH - HQ_IMPORT_EXPORT,325376,919,1310,-9999
02/12/2016 18:30,SCH - NE - NY,23318,-425.67,1400,-1600
02/12/2016 18:30,SCH - NPX_1385,325277,-25,200,-200
02/12/2016 18:30,SCH - NPX_CSC,325154,0,330,-330
02/12/2016 18:30,SCH - OH - NY,23317,1179.8,1900,-1900
02/12/2016 18:30,SCH - PJ - NY,23316,504.2,2600,-1300
02/12/2016 18:30,SCH - PJM_HTP,325905,0,0,0
02/12/2016 18:30,SCH - PJM_NEPTUNE,325305,347,660,-660
02/12/2016 18:30,SCH - PJM_VFT,325658,315,315,-315
02/12/2016 18:30,SPR/DUN-SOUTH,23320,3070.64,4600,-9999
02/12/2016 18:30,TOTAL EAST,23314,4226.84,6500,-9999
02/12/2016 18:30,UPNY CONED,23315,3104.71,5100,-9999
02/12/2016 18:30,WEST CENTRAL,23312,1273.49,9999,-9999
02/12/2016 18:35,CENTRAL EAST - VC,23330,2554.72,2665,-9999
02/12/2016 18:35,DYSINGER EAST,23326,2027.19,3150,-9999
02/12/2016 18:35,MOSES SOUTH,23319,1580.5,3150,-1600
02/12/2016 18:35,SCH - HQ - NY,23324,1178,1178,-1000
02/12/2016 18:35,SCH - HQ_CEDARS,325274,100,199,-100
02/12/2016 18:35,SCH - HQ_IMPORT_EXPORT,325376,919,1310,-9999
02/12/2016 18:35,SCH - NE - NY,23318,-393.75,1400,-1600
02/12/2016 18:35,SCH - NPX_1385,325277,-25,200,-200
02/12/2016 18:35,SCH - NPX_CSC,325154,0,330,-330
02/12/2016 18:35,SCH - OH - NY,23317,1179.74,1900,-1900
02/12/2016 18:35,SCH - PJ - NY,23316,507.86,2600,-1300
02/12/2016 18:35,SCH - PJM_HTP,325905,0,0,0
02/12/2016 18:35,SCH - PJM_NEPTUNE,325305,347,660,-660
02/12/2016 18:35,SCH - PJM_VFT,325658,315,315,-315
02/12/2016 18:35,SPR/DUN-SOUTH,23320,3073.48,4600,-9999
02/12/2016 18:35,TOTAL EAST,23314,4239.33,6500,-9999
02/12/2016 18:35,UPNY CONED,23315,3127.16,5100,-9999
02/12/2016 18:35,WEST CENTRAL,23312,1269.34,9999,-9999
02/12/2016 18:40,CENTRAL EAST - VC,23330,2554.05,2665,-9999
02/12/2016 18:40,DYSINGER EAST,23326,1992.98,3150,-9999
02/12/2016 18:40,MOSES SOUTH,23319,1585.32,3150,-1600
02/12/2016 18:40,SCH - HQ - NY,23324,1178,1178,-1000
02/12/2016 18:40,SCH - HQ_CEDARS,325274,100,199,-100
02/12/2016 18:40,SCH - HQ_IMPORT_EXPORT,325376,919,1310,-9999
02/12/2016 18:40,SCH - NE - NY,23318,-393.46,1400,-1600
02/12/2016 18:40,SCH - NPX_1385,325277,-25,200,-200
02/12/2016 18:40,SCH - NPX_CSC,325154,0,330,-330
02/12/2016 18:40,SCH - OH - NY,23317,1179.39,1900,-1900
02/12/2016 18:40,SCH - PJ - NY,23316,505.91,2600,-1300
02/12/2016 18:40,SCH - PJM_HTP,325905,0,0,0
02/12/2016 18:40,SCH - PJM_NEPTUNE,325305,347,660,-660
02/12/2016 18:40,SCH - PJM_VFT,325658,315,315,-315
02/12/2016 18:40,SPR/DUN-SOUTH,23320,3048.82,4600,-9999
02/12/2016 18:40,TOTAL EAST,23314,4257.66,6500,-9999
02/12/2016 18:40,UPNY CONED,23315,3118.68,5100,-9999
02/12/2016 18:40,WEST CENTRAL,23312,1236.49,9999,-9999
02/12/2016 18:45,CENTRAL EAST - VC,23330,2542.6,2665,-9999
02/12/2016 18:45,DYSINGER EAST,23326,1982.24,3150,-9999
02/12/2016 18:45,MOSES SOUTH,23319,1589.97,3150,-1600
02/12/2016 18:45,SCH - HQ - NY,23324,1178,1178,-1000
02/12/2016 18:45,SCH - HQ_CEDARS,325274,100,199,-100
02/12/2016 18:45,SCH - HQ_IMPORT_EXPORT,325376,919,1310,-9999
02/12/2016 18:45,SCH - NE - NY,23318,-384.45,1400,-1600
02/12/2016 18:45,SCH - NPX_1385,325277,-25,200,-200
02/12/2016 18:45,SCH - NPX_CSC,325154,0,330,-330
02/12/2016 18:45,SCH - OH - NY,23317,1179.54,1900,-1900
02/12/2016 18:45,SCH - PJ - NY,23316,529.02,2600,-1300
02/12/2016 18:45,SCH - PJM_HTP,325905,0,0,0
02/12/2016 18:45,SCH - PJM_NEPTUNE,325305,347,660,-660
02/12/2016 18:45,SCH - PJM_VFT,325658,315,315,-315
02/12/2016 18:45,SPR/DUN-SOUTH,23320,3049.93,4600,-9999
02/12/2016 18:45,TOTAL EAST,23314,4217.94,6500,-9999
02/12/2016 18:45,UPNY CONED,23315,3087.07,5100,-9999
02/12/2016 18:45,WEST CENTRAL,23312,1223.6,9999,-9999
02/12/2016 18:50,CENTRAL EAST - VC,23330,2548.38,2665,-9999
02/12/2016 18:50,DYSINGER EAST,23326,1986.32,3150,-9999
02/12/2016 18:50,MOSES SOUTH,23319,1578.78,3150,-1600
02/12/2016 18:50,SCH - HQ - NY,23324,1178,1178,-1000
02/12/2016 18:50,SCH - HQ_CEDARS,325274,100,199,-100
02/12/2016 18:50,SCH - HQ_IMPORT_EXPORT,325376,919,1310,-9999
02/12/2016 18:50,SCH - NE - NY,23318,-376.64,1400,-1600
02/12/2016 18:50,SCH - NPX_1385,325277,-25,200,-200
02/12/2016 18:50,SCH - NPX_CSC,325154,0,330,-330
02/12/2016 18:50,SCH - OH - NY,23317,1179.23,1900,-1900
02/12/2016 18:50,SCH - PJ - NY,23316,558.7,2600,-1300
02/12/2016 18:50,SCH - PJM_HTP,325905,0,0,0
02/12/2016 18:50,SCH - PJM_NEPTUNE,325305,347,660,-660
02/12/2016 18:50,SCH - PJM_VFT,325658,315,315,-315
02/12/2016 18:50,SPR/DUN-SOUTH,23320,3060.82,4600,-9999
02/12/2016 18:50,TOTAL EAST,23314,4300.15,6500,-9999
02/12/2016 18:50,UPNY CONED,23315,3111.17,5100,-9999
02/12/2016 18:50,WEST CENTRAL,23312,1225.73,9999,-9999
02/12/2016 18:55,CENTRAL EAST - VC,23330,2549.66,2665,-9999
02/12/2016 18:55,DYSINGER EAST,23326,1991.86,3150,-9999
02/12/2016 18:55,MOSES SOUTH,23319,1581.35,3150,-1600
02/12/2016 18:55,SCH - HQ - NY,23324,1178,1178,-1000
02/12/2016 18:55,SCH - HQ_CEDARS,325274,100,199,-100
02/12/2016 18:55,SCH - HQ_IMPORT_EXPORT,325376,919,1310,-9999
02/12/2016 18:55,SCH - NE - NY,23318,-376.66,1400,-1600
02/12/2016 18:55,SCH - NPX_1385,325277,-25,200,-200
02/12/2016 18:55,SCH - NPX_CSC,325154,0,330,-330
02/12/2016 18:55,SCH - OH - NY,23317,1179.36,1900,-1900
02/12/2016 18:55,SCH - PJ - NY,23316,556.43,2600,-1300
02/12/2016 18:55,SCH - PJM_HTP,325905,0,0,0
02/12/2016 18:55,SCH - PJM_NEPTUNE,325305,347,660,-660
02/12/2016 18:55,SCH - PJM_VFT,325658,315,315,-315
02/12/2016 18:55,SPR/DUN-SOUTH,23320,3037.92,4600,-9999
02/12/2016 18:55,TOTAL EAST,23314,4220.03,6500,-9999
02/12/2016 18:55,UPNY CONED,23315,3080.99,5100,-9999
02/12/2016 18:55,WEST CENTRAL,23312,1227.16,9999,-9999
02/12/2016 19:00,CENTRAL EAST - VC,23330,2561.36,2665,-9999
02/12/2016 19:00,DYSINGER EAST,23326,2035.67,3150,-9999
02/12/2016 19:00,MOSES SOUTH,23319,1568.49,3150,-1600
02/12/2016 19:00,SCH - HQ - NY,23324,1178,1178,-1000
02/12/2016 19:00,SCH - HQ_CEDARS,325274,106,199,-100
02/12/2016 19:00,SCH - HQ_IMPORT_EXPORT,325376,919,1310,-9999
02/12/2016 19:00,SCH - NE - NY,23318,-284.76,1400,-1600
02/12/2016 19:00,SCH - NPX_1385,325277,-38,200,-200
02/12/2016 19:00,SCH - NPX_CSC,325154,0,330,-330
02/12/2016 19:00,SCH - OH - NY,23317,1272.84,1900,-1900
02/12/2016 19:00,SCH - PJ - NY,23316,310.18,2600,-1300
02/12/2016 19:00,SCH - PJM_HTP,325905,0,0,0
02/12/2016 19:00,SCH - PJM_NEPTUNE,325305,332,660,-660
02/12/2016 19:00,SCH - PJM_VFT,325658,315,315,-315
02/12/2016 19:00,SPR/DUN-SOUTH,23320,3002.17,4600,-9999
02/12/2016 19:00,TOTAL EAST,23314,4142.47,6500,-9999
02/12/2016 19:00,UPNY CONED,23315,3061.53,5100,-9999
02/12/2016 19:00,WEST CENTRAL,23312,1270.83,9999,-9999
02/12/2016 19:05,CENTRAL EAST - VC,23330,2563.71,2665,-9999
02/12/2016 19:05,DYSINGER EAST,23326,2078.71,3150,-9999
02/12/2016 19:05,MOSES SOUTH,23319,1588.86,3150,-1600
02/12/2016 19:05,SCH - HQ - NY,23324,1178,1178,-1000
02/12/2016 19:05,SCH - HQ_CEDARS,325274,113,199,-100
02/12/2016 19:05,SCH - HQ_IMPORT_EXPORT,325376,919,1310,-9999
02/12/2016 19:05,SCH - NE - NY,23318,-194.73,1400,-1600
02/12/2016 19:05,SCH - NPX_1385,325277,-50,200,-200
02/12/2016 19:05,SCH - NPX_CSC,325154,0,330,-330
02/12/2016 19:05,SCH - OH - NY,23317,1366.58,1900,-1900
02/12/2016 19:05,SCH - PJ - NY,23316,81.01,2600,-1300
02/12/2016 19:05,SCH - PJM_HTP,325905,0,0,0
02/12/2016 19:05,SCH - PJM_NEPTUNE,325305,317,660,-660
02/12/2016 19:05,SCH - PJM_VFT,325658,315,315,-315
02/12/2016 19:05,SPR/DUN-SOUTH,23320,3021.59,4600,-9999
02/12/2016 19:05,TOTAL EAST,23314,4260.85,6500,-9999
02/12/2016 19:05,UPNY CONED,23315,3103.57,5100,-9999
02/12/2016 19:05,WEST CENTRAL,23312,1317.76,9999,-9999
02/12/2016 19:10,CENTRAL EAST - VC,23330,2557.24,2665,-9999
02/12/2016 19:10,DYSINGER EAST,23326,2030.54,3150,-9999
02/12/2016 19:10,MOSES SOUTH,23319,1612.25,3150,-1600
02/12/2016 19:10,SCH - HQ - NY,23324,1178,1178,-1000
02/12/2016 19:10,SCH - HQ_CEDARS,325274,113,199,-100
02/12/2016 19:10,SCH - HQ_IMPORT_EXPORT,325376,919,1310,-9999
02/12/2016 19:10,SCH - NE - NY,23318,-194.72,1400,-1600
02/12/2016 19:10,SCH - NPX_1385,325277,-50,200,-200
02/12/2016 19:10,SCH - NPX_CSC,325154,0,330,-330
02/12/2016 19:10,SCH - OH - NY,23317,1366.85,1900,-1900
02/12/2016 19:10,SCH - PJ - NY,23316,76.38,2600,-1300
02/12/2016 19:10,SCH - PJM_HTP,325905,0,0,0
02/12/2016 19:10,SCH - PJM_NEPTUNE,325305,317,660,-660
02/12/2016 19:10,SCH - PJM_VFT,325658,315,315,-315
02/12/2016 19:10,SPR/DUN-SOUTH,23320,3002.24,4600,-9999
02/12/2016 19:10,TOTAL EAST,23314,4372.94,6500,-9999
02/12/2016 19:10,UPNY CONED,23315,3097.69,5100,-9999
02/12/2016 19:10,WEST CENTRAL,23312,1283.76,9999,-9999
02/12/2016 19:15,CENTRAL EAST - VC,23330,2549.24,2665,-9999
02/12/2016 19:15,DYSINGER EAST,23326,1965.59,3150,-9999
02/12/2016 19:15,MOSES SOUTH,23319,1639.95,3150,-1600
02/12/2016 19:15,SCH - HQ - NY,23324,1178,1178,-1000
02/12/2016 19:15,SCH - HQ_CEDARS,325274,113,199,-100
02/12/2016 19:15,SCH - HQ_IMPORT_EXPORT,325376,919,1310,-9999
02/12/2016 19:15,SCH - NE - NY,23318,-186.39,1400,-1600
02/12/2016 19:15,SCH - NPX_1385,325277,-50,200,-200
02/12/2016 19:15,SCH - NPX_CSC,325154,0,330,-330
02/12/2016 19:15,SCH - OH - NY,23317,1366.71,1900,-1900
02/12/2016 19:15,SCH - PJ - NY,23316,76.9,2600,-1300
02/12/2016 19:15,SCH - PJM_HTP,325905,0,0,0
02/12/2016 19:15,SCH - PJM_NEPTUNE,325305,317,660,-660
02/12/2016 19:15,SCH - PJM_VFT,325658,315,315,-315
02/12/2016 19:15,SPR/DUN-SOUTH,23320,3014.22,4600,-9999
02/12/2016 19:15,TOTAL EAST,23314,4187.73,6500,-9999
02/12/2016 19:15,UPNY CONED,23315,3066.21,5100,-9999
02/12/2016 19:15,WEST CENTRAL,23312,1222.27,9999,-9999
02/12/2016 19:20,CENTRAL EAST - VC,23330,2547.57,2665,-9999
02/12/2016 19:20,DYSINGER EAST,23326,1929.83,3150,-9999
02/12/2016 19:20,MOSES SOUTH,23319,1653.1,3150,-1600
02/12/2016 19:20,SCH - HQ - NY,23324,1178,1178,-1000
02/12/2016 19:20,SCH - HQ_CEDARS,325274,113,199,-100
02/12/2016 19:20,SCH - HQ_IMPORT_EXPORT,325376,919,1310,-9999
02/12/2016 19:20,SCH - NE - NY,23318,-179.37,1400,-1600
02/12/2016 19:20,SCH - NPX_1385,325277,-50,200,-200
02/12/2016 19:20,SCH - NPX_CSC,325154,0,330,-330
02/12/2016 19:20,SCH - OH - NY,23317,1366.49,1900,-1900
02/12/2016 19:20,SCH - PJ - NY,23316,78.91,2600,-1300
02/12/2016 19:20,SCH - PJM_HTP,325905,0,0,0
02/12/2016 19:20,SCH - PJM_NEPTUNE,325305,317,660,-660
02/12/2016 19:20,SCH - PJM_VFT,325658,315,315,-315
02/12/2016 19:20,SPR/DUN-SOUTH,23320,3015.99,4600,-9999
02/12/2016 19:20,TOTAL EAST,23314,4145.63,6500,-9999
02/12/2016 19:20,UPNY CONED,23315,3062.19,5100,-9999
02/12/2016 19:20,WEST CENTRAL,23312,1238.72,9999,-9999
02/12/2016 19:25,CENTRAL EAST - VC,23330,2554.87,2665,-9999
02/12/2016 19:25,DYSINGER EAST,23326,1991.08,3150,-9999
02/12/2016 19:25,MOSES SOUTH,23319,1662.14,3150,-1600
02/12/2016 19:25,SCH - HQ - NY,23324,1178,1178,-1000
02/12/2016 19:25,SCH - HQ_CEDARS,325274,113,199,-100
02/12/2016 19:25,SCH - HQ_IMPORT_EXPORT,325376,919,1310,-9999
02/12/2016 19:25,SCH - NE - NY,23318,-179.49,1400,-1600
02/12/2016 19:25,SCH - NPX_1385,325277,-50,200,-200
02/12/2016 19:25,SCH - NPX_CSC,325154,0,330,-330
02/12/2016 19:25,SCH - OH - NY,23317,1366.79,1900,-1900
02/12/2016 19:25,SCH - PJ - NY,23316,77.66,2600,-1300
02/12/2016 19:25,SCH - PJM_HTP,325905,0,0,0
02/12/2016 19:25,SCH - PJM_NEPTUNE,325305,317,660,-660
02/12/2016 19:25,SCH - PJM_VFT,325658,315,315,-315
02/12/2016 19:25,SPR/DUN-SOUTH,23320,2994.77,4600,-9999
02/12/2016 19:25,TOTAL EAST,23314,4154.61,6500,-9999
02/12/2016 19:25,UPNY CONED,23315,3047.78,5100,-9999
02/12/2016 19:25,WEST CENTRAL,23312,1298.58,9999,-9999
02/12/2016 19:30,CENTRAL EAST - VC,23330,2608.25,2725,-9999
02/12/2016 19:30,DYSINGER EAST,23326,2075.82,3150,-9999
02/12/2016 19:30,MOSES SOUTH,23319,1689.21,3150,-1600
02/12/2016 19:30,SCH - HQ - NY,23324,1178,1178,-1000
02/12/2016 19:30,SCH - HQ_CEDARS,325274,113,199,-100
02/12/2016 19:30,SCH - HQ_IMPORT_EXPORT,325376,919,1310,-9999
02/12/2016 19:30,SCH - NE - NY,23318,-201.33,1400,-1600
02/12/2016 19:30,SCH - NPX_1385,325277,-50,200,-200
02/12/2016 19:30,SCH - NPX_CSC,325154,0,330,-330
02/12/2016 19:30,SCH - OH - NY,23317,1367.08,1900,-1900
02/12/2016 19:30,SCH - PJ - NY,23316,103.16,2600,-1300
02/12/2016 19:30,SCH - PJM_HTP,325905,0,0,0
02/12/2016 19:30,SCH - PJM_NEPTUNE,325305,317,660,-660
02/12/2016 19:30,SCH - PJM_VFT,325658,315,315,-315
02/12/2016 19:30,SPR/DUN-SOUTH,23320,2984.96,4600,-9999
02/12/2016 19:30,TOTAL EAST,23314,4258.29,6500,-9999
02/12/2016 19:30,UPNY CONED,23315,3049.67,5100,-9999
02/12/2016 19:30,WEST CENTRAL,23312,1379.79,9999,-9999
02/12/2016 19:35,CENTRAL EAST - VC,23330,2625.16,2725,-9999
02/12/2016 19:35,DYSINGER EAST,23326,2001.43,3150,-9999
02/12/2016 19:35,MOSES SOUTH,23319,1674.63,3150,-1600
02/12/2016 19:35,SCH - HQ - NY,23324,1178,1178,-1000
02/12/2016 19:35,SCH - HQ_CEDARS,325274,113,199,-100
02/12/2016 19:35,SCH - HQ_IMPORT_EXPORT,325376,919,1310,-9999
02/12/2016 19:35,SCH - NE - NY,23318,-223.59,1400,-1600
02/12/2016 19:35,SCH - NPX_1385,325277,-50,200,-200
02/12/2016 19:35,SCH - NPX_CSC,325154,0,330,-330
02/12/2016 19:35,SCH - OH - NY,23317,1366.39,1900,-1900
02/12/2016 19:35,SCH - PJ - NY,23316,130.3,2600,-1300
02/12/2016 19:35,SCH - PJM_HTP,325905,0,0,0
02/12/2016 19:35,SCH - PJM_NEPTUNE,325305,317,660,-660
02/12/2016 19:35,SCH - PJM_VFT,325658,315,315,-315
02/12/2016 19:35,SPR/DUN-SOUTH,23320,2995.2,4600,-9999
02/12/2016 19:35,TOTAL EAST,23314,4233.7,6500,-9999
02/12/2016 19:35,UPNY CONED,23315,3046.18,5100,-9999
02/12/2016 19:35,WEST CENTRAL,23312,1310.92,9999,-9999
02/12/2016 19:40,CENTRAL EAST - VC,23330,2610.54,2725,-9999
02/12/2016 19:40,DYSINGER EAST,23326,1964.89,3150,-9999
02/12/2016 19:40,MOSES SOUTH,23319,1666.05,3150,-1600
02/12/2016 19:40,SCH - HQ - NY,23324,1178,1178,-1000
02/12/2016 19:40,SCH - HQ_CEDARS,325274,113,199,-100
02/12/2016 19:40,SCH - HQ_IMPORT_EXPORT,325376,919,1310,-9999
02/12/2016 19:40,SCH - NE - NY,23318,-224.13,1400,-1600
02/12/2016 19:40,SCH - NPX_1385,325277,-50,200,-200
02/12/2016 19:40,SCH - NPX_CSC,325154,0,330,-330
02/12/2016 19:40,SCH - OH - NY,23317,1366.48,1900,-1900
02/12/2016 19:40,SCH - PJ - NY,23316,129.18,2600,-1300
02/12/2016 19:40,SCH - PJM_HTP,325905,0,0,0
02/12/2016 19:40,SCH - PJM_NEPTUNE,325305,317,660,-660
02/12/2016 19:40,SCH - PJM_VFT,325658,315,315,-315
02/12/2016 19:40,SPR/DUN-SOUTH,23320,2982.08,4600,-9999
02/12/2016 19:40,TOTAL EAST,23314,4246.29,6500,-9999
02/12/2016 19:40,UPNY CONED,23315,3049.4,5100,-9999
02/12/2016 19:40,WEST CENTRAL,23312,1279.47,9999,-9999
02/12/2016 19:45,CENTRAL EAST - VC,23330,2616.04,2725,-9999
02/12/2016 19:45,DYSINGER EAST,23326,2019.59,3150,-9999
02/12/2016 19:45,MOSES SOUTH,23319,1688.41,3150,-1600
02/12/2016 19:45,SCH - HQ - NY,23324,1178,1178,-1000
02/12/2016 19:45,SCH - HQ_CEDARS,325274,113,199,-100
02/12/2016 19:45,SCH - HQ_IMPORT_EXPORT,325376,919,1310,-9999
02/12/2016 19:45,SCH - NE - NY,23318,-199.35,1400,-1600
02/12/2016 19:45,SCH - NPX_1385,325277,-50,200,-200
02/12/2016 19:45,SCH - NPX_CSC,325154,0,330,-330
02/12/2016 19:45,SCH - OH - NY,23317,1366.67,1900,-1900
02/12/2016 19:45,SCH - PJ - NY,23316,127.87,2600,-1300
02/12/2016 19:45,SCH - PJM_HTP,325905,0,0,0
02/12/2016 19:45,SCH - PJM_NEPTUNE,325305,317,660,-660
02/12/2016 19:45,SCH - PJM_VFT,325658,315,315,-315
02/12/2016 19:45,SPR/DUN-SOUTH,23320,2970.08,4600,-9999
02/12/2016 19:45,TOTAL EAST,23314,4318.35,6500,-9999
02/12/2016 19:45,UPNY CONED,23315,3028.1,5100,-9999
02/12/2016 19:45,WEST CENTRAL,23312,1332.07,9999,-9999
02/12/2016 19:50,CENTRAL EAST - VC,23330,2612.82,2725,-9999
02/12/2016 19:50,DYSINGER EAST,23326,2004.22,3150,-9999
02/12/2016 19:50,MOSES SOUTH,23319,1717.64,3150,-1600
02/12/2016 19:50,SCH - HQ - NY,23324,1178,1178,-1000
02/12/2016 19:50,SCH - HQ_CEDARS,325274,113,199,-100
02/12/2016 19:50,SCH - HQ_IMPORT_EXPORT,325376,919,1310,-9999
02/12/2016 19:50,SCH - NE - NY,23318,-175.28,1400,-1600
02/12/2016 19:50,SCH - NPX_1385,325277,-50,200,-200
02/12/2016 19:50,SCH - NPX_CSC,325154,0,330,-330
02/12/2016 19:50,SCH - OH - NY,23317,1366.78,1900,-1900
02/12/2016 19:50,SCH - PJ - NY,23316,125.71,2600,-1300
02/12/2016 19:50,SCH - PJM_HTP,325905,0,0,0
02/12/2016 19:50,SCH - PJM_NEPTUNE,325305,317,660,-660
02/12/2016 19:50,SCH - PJM_VFT,325658,315,315,-315
02/12/2016 19:50,SPR/DUN-SOUTH,23320,2990.29,4600,-9999
02/12/2016 19:50,TOTAL EAST,23314,4277.7,6500,-9999
02/12/2016 19:50,UPNY CONED,23315,3015.91,5100,-9999
02/12/2016 19:50,WEST CENTRAL,23312,1320.34,9999,-9999
02/12/2016 19:55,CENTRAL EAST - VC,23330,2613.02,2725,-9999
02/12/2016 19:55,DYSINGER EAST,23326,1952.47,3150,-9999
02/12/2016 19:55,MOSES SOUTH,23319,1721.56,3150,-1600
02/12/2016 19:55,SCH - HQ - NY,23324,1178,1178,-1000
02/12/2016 19:55,SCH - HQ_CEDARS,325274,113,199,-100
02/12/2016 19:55,SCH - HQ_IMPORT_EXPORT,325376,919,1310,-9999
02/12/2016 19:55,SCH - NE - NY,23318,-175.4,1400,-1600
02/12/2016 19:55,SCH - NPX_1385,325277,-50,200,-200
02/12/2016 19:55,SCH - NPX_CSC,325154,0,330,-330
02/12/2016 19:55,SCH - OH - NY,23317,1366.72,1900,-1900
02/12/2016 19:55,SCH - PJ - NY,23316,128.91,2600,-1300
02/12/2016 19:55,SCH - PJM_HTP,325905,0,0,0
02/12/2016 19:55,SCH - PJM_NEPTUNE,325305,317,660,-660
02/12/2016 19:55,SCH - PJM_VFT,325658,315,315,-315
02/12/2016 19:55,SPR/DUN-SOUTH,23320,2983.04,4600,-9999
02/12/2016 19:55,TOTAL EAST,23314,4256.03,6500,-9999
02/12/2016 19:55,UPNY CONED,23315,3034.74,5100,-9999
02/12/2016 19:55,WEST CENTRAL,23312,1276.6,9999,-9999
02/12/2016 20:00,CENTRAL EAST - VC,23330,2604.33,2725,-9999
02/12/2016 20:00,DYSINGER EAST,23326,1990.65,3150,-9999
02/12/2016 20:00,MOSES SOUTH,23319,1706.09,3150,-1600
02/12/2016 20:00,SCH - HQ - NY,23324,1178,1178,-1000
02/12/2016 20:00,SCH - HQ_CEDARS,325274,105,199,-100
02/12/2016 20:00,SCH - HQ_IMPORT_EXPORT,325376,919,1310,-9999
02/12/2016 20:00,SCH - NE - NY,23318,-220.07,1400,-1600
02/12/2016 20:00,SCH - NPX_1385,325277,-36,200,-200
02/12/2016 20:00,SCH - NPX_CSC,325154,0,330,-330
02/12/2016 20:00,SCH - OH - NY,23317,1357.92,1900,-1900
02/12/2016 20:00,SCH - PJ - NY,23316,140.21,2600,-1300
02/12/2016 20:00,SCH - PJM_HTP,325905,0,0,0
02/12/2016 20:00,SCH - PJM_NEPTUNE,325305,241,660,-660
02/12/2016 20:00,SCH - PJM_VFT,325658,315,315,-315
02/12/2016 20:00,SPR/DUN-SOUTH,23320,2915.51,4600,-9999
02/12/2016 20:00,TOTAL EAST,23314,4228.7,6500,-9999
02/12/2016 20:00,UPNY CONED,23315,2960.28,5100,-9999
02/12/2016 20:00,WEST CENTRAL,23312,1264.35,9999,-9999
02/12/2016 20:05,CENTRAL EAST - VC,23330,2604.17,2725,-9999
02/12/2016 20:05,DYSINGER EAST,23326,1982.89,3150,-9999
02/12/2016 20:05,MOSES SOUTH,23319,1718.4,3150,-1600
02/12/2016 20:05,SCH - HQ - NY,23324,1178,1178,-1000
02/12/2016 20:05,SCH - HQ_CEDARS,325274,97,199,-100
02/12/2016 20:05,SCH - HQ_IMPORT_EXPORT,325376,919,1310,-9999
02/12/2016 20:05,SCH - NE - NY,23318,-264.37,1400,-1600
02/12/2016 20:05,SCH - NPX_1385,325277,-22,200,-200
02/12/2016 20:05,SCH - NPX_CSC,325154,0,330,-330
02/12/2016 20:05,SCH - OH - NY,23317,1348.94,1900,-1900
02/12/2016 20:05,SCH - PJ - NY,23316,153.08,2600,-1300
02/12/2016 20:05,SCH - PJM_HTP,325905,0,0,0
02/12/2016 20:05,SCH - PJM_NEPTUNE,325305,165,660,-660
02/12/2016 20:05,SCH - PJM_VFT,325658,315,315,-315
02/12/2016 20:05,SPR/DUN-SOUTH,23320,2914.82,4600,-9999
02/12/2016 20:05,TOTAL EAST,23314,4223,6500,-9999
02/12/2016 20:05,UPNY CONED,23315,2973.6,5100,-9999
02/12/2016 20:05,WEST CENTRAL,23312,1257.75,9999,-9999
02/12/2016 20:10,CENTRAL EAST - VC,23330,2620.81,2725,-9999
02/12/2016 20:10,DYSINGER EAST,23326,2016.99,3150,-9999
02/12/2016 20:10,MOSES SOUTH,23319,1674.39,3150,-1600
02/12/2016 20:10,SCH - HQ - NY,23324,1178,1178,-1000
02/12/2016 20:10,SCH - HQ_CEDARS,325274,98,199,-100
02/12/2016 20:10,SCH - HQ_IMPORT_EXPORT,325376,919,1310,-9999
02/12/2016 20:10,SCH - NE - NY,23318,-265.18,1400,-1600
02/12/2016 20:10,SCH - NPX_1385,325277,-23,200,-200
02/12/2016 20:10,SCH - NPX_CSC,325154,0,330,-330
02/12/2016 20:10,SCH - OH - NY,23317,1348.84,1900,-1900
02/12/2016 20:10,SCH - PJ - NY,23316,152.15,2600,-1300
02/12/2016 20:10,SCH - PJM_HTP,325905,0,0,0
02/12/2016 20:10,SCH - PJM_NEPTUNE,325305,165,660,-660
02/12/2016 20:10,SCH - PJM_VFT,325658,315,315,-315
02/12/2016 20:10,SPR/DUN-SOUTH,23320,2933.91,4600,-9999
02/12/2016 20:10,TOTAL EAST,23314,4465.75,6500,-9999
02/12/2016 20:10,UPNY CONED,23315,3011.17,5100,-9999
02/12/2016 20:10,WEST CENTRAL,23312,1292.56,9999,-9999
02/12/2016 20:15,CENTRAL EAST - VC,23330,2608.75,2725,-9999
02/12/2016 20:15,DYSINGER EAST,23326,2014,3150,-9999
02/12/2016 20:15,MOSES SOUTH,23319,1617.33,3150,-1600
02/12/2016 20:15,SCH - HQ - NY,23324,1178,1178,-1000
02/12/2016 20:15,SCH - HQ_CEDARS,325274,98,199,-100
02/12/2016 20:15,SCH - HQ_IMPORT_EXPORT,325376,919,1310,-9999
02/12/2016 20:15,SCH - NE - NY,23318,-299.16,1400,-1600
02/12/2016 20:15,SCH - NPX_1385,325277,-23,200,-200
02/12/2016 20:15,SCH - NPX_CSC,325154,0,330,-330
02/12/2016 20:15,SCH - OH - NY,23317,1348.42,1900,-1900
02/12/2016 20:15,SCH - PJ - NY,23316,155.66,2600,-1300
02/12/2016 20:15,SCH - PJM_HTP,325905,0,0,0
02/12/2016 20:15,SCH - PJM_NEPTUNE,325305,165,660,-660
02/12/2016 20:15,SCH - PJM_VFT,325658,315,315,-315
02/12/2016 20:15,SPR/DUN-SOUTH,23320,2936.26,4600,-9999
02/12/2016 20:15,TOTAL EAST,23314,4328.88,6500,-9999
02/12/2016 20:15,UPNY CONED,23315,3012.11,5100,-9999
02/12/2016 20:15,WEST CENTRAL,23312,1294.03,9999,-9999
02/12/2016 20:20,CENTRAL EAST - VC,23330,2613.8,2725,-9999
02/12/2016 20:20,DYSINGER EAST,23326,2021.85,3150,-9999
02/12/2016 20:20,MOSES SOUTH,23319,1629.96,3150,-1600
02/12/2016 20:20,SCH - HQ - NY,23324,1178,1178,-1000
02/12/2016 20:20,SCH - HQ_CEDARS,325274,98,199,-100
02/12/2016 20:20,SCH - HQ_IMPORT_EXPORT,325376,919,1310,-9999
02/12/2016 20:20,SCH - NE - NY,23318,-334.12,1400,-1600
02/12/2016 20:20,SCH - NPX_1385,325277,-23,200,-200
02/12/2016 20:20,SCH - NPX_CSC,325154,0,330,-330
02/12/2016 20:20,SCH - OH - NY,23317,1348.62,1900,-1900
02/12/2016 20:20,SCH - PJ - NY,23316,150.96,2600,-1300
02/12/2016 20:20,SCH - PJM_HTP,325905,0,0,0
02/12/2016 20:20,SCH - PJM_NEPTUNE,325305,165,660,-660
02/12/2016 20:20,SCH - PJM_VFT,325658,315,315,-315
02/12/2016 20:20,SPR/DUN-SOUTH,23320,2971.49,4600,-9999
02/12/2016 20:20,TOTAL EAST,23314,4348.32,6500,-9999
02/12/2016 20:20,UPNY CONED,23315,3037.43,5100,-9999
02/12/2016 20:20,WEST CENTRAL,23312,1304.81,9999,-9999
02/12/2016 20:25,CENTRAL EAST - VC,23330,2614.87,2725,-9999
02/12/2016 20:25,DYSINGER EAST,23326,1998.99,3150,-9999
02/12/2016 20:25,MOSES SOUTH,23319,1618.72,3150,-1600
02/12/2016 20:25,SCH - HQ - NY,23324,1178,1178,-1000
02/12/2016 20:25,SCH - HQ_CEDARS,325274,98,199,-100
02/12/2016 20:25,SCH - HQ_IMPORT_EXPORT,325376,919,1310,-9999
02/12/2016 20:25,SCH - NE - NY,23318,-333.9,1400,-1600
02/12/2016 20:25,SCH - NPX_1385,325277,-23,200,-200
02/12/2016 20:25,SCH - NPX_CSC,325154,0,330,-330
02/12/2016 20:25,SCH - OH - NY,23317,1348.5,1900,-1900
02/12/2016 20:25,SCH - PJ - NY,23316,150.63,2600,-1300
02/12/2016 20:25,SCH - PJM_HTP,325905,0,0,0
02/12/2016 20:25,SCH - PJM_NEPTUNE,325305,165,660,-660
02/12/2016 20:25,SCH - PJM_VFT,325658,315,315,-315
02/12/2016 20:25,SPR/DUN-SOUTH,23320,2959.97,4600,-9999
02/12/2016 20:25,TOTAL EAST,23314,4333.58,6500,-9999
02/12/2016 20:25,UPNY CONED,23315,3032.37,5100,-9999
02/12/2016 20:25,WEST CENTRAL,23312,1286.89,9999,-9999
02/12/2016 20:30,CENTRAL EAST - VC,23330,2619.64,2725,-9999
02/12/2016 20:30,DYSINGER EAST,23326,2031.4,3150,-9999
02/12/2016 20:30,MOSES SOUTH,23319,1616.07,3150,-1600
02/12/2016 20:30,SCH - HQ - NY,23324,1178,1178,-1000
02/12/2016 20:30,SCH - HQ_CEDARS,325274,98,199,-100
02/12/2016 20:30,SCH - HQ_IMPORT_EXPORT,325376,919,1310,-9999
02/12/2016 20:30,SCH - NE - NY,23318,-280.42,1400,-1600
02/12/2016 20:30,SCH - NPX_1385,325277,-23,200,-200
02/12/2016 20:30,SCH - NPX_CSC,325154,0,330,-330
02/12/2016 20:30,SCH - OH - NY,23317,1348.44,1900,-1900
02/12/2016 20:30,SCH - PJ - NY,23316,154.48,2600,-1300
02/12/2016 20:30,SCH - PJM_HTP,325905,0,0,0
02/12/2016 20:30,SCH - PJM_NEPTUNE,325305,165,660,-660
02/12/2016 20:30,SCH - PJM_VFT,325658,315,315,-315
02/12/2016 20:30,SPR/DUN-SOUTH,23320,2980.23,4600,-9999
02/12/2016 20:30,TOTAL EAST,23314,4391.41,6500,-9999
02/12/2016 20:30,UPNY CONED,23315,3012.68,5100,-9999
02/12/2016 20:30,WEST CENTRAL,23312,1322.91,9999,-9999
02/12/2016 20:35,CENTRAL EAST - VC,23330,2619.67,2725,-9999
02/12/2016 20:35,DYSINGER EAST,23326,2071.26,3150,-9999
02/12/2016 20:35,MOSES SOUTH,23319,1622.12,3150,-1600
02/12/2016 20:35,SCH - HQ - NY,23324,1178,1178,-1000
02/12/2016 20:35,SCH - HQ_CEDARS,325274,98,199,-100
02/12/2016 20:35,SCH - HQ_IMPORT_EXPORT,325376,919,1310,-9999
02/12/2016 20:35,SCH - NE - NY,23318,-227.71,1400,-1600
02/12/2016 20:35,SCH - NPX_1385,325277,-23,200,-200
02/12/2016 20:35,SCH - NPX_CSC,325154,0,330,-330
02/12/2016 20:35,SCH - OH - NY,23317,1348.7,1900,-1900
02/12/2016 20:35,SCH - PJ - NY,23316,152.6,2600,-1300
02/12/2016 20:35,SCH - PJM_HTP,325905,0,0,0
02/12/2016 20:35,SCH - PJM_NEPTUNE,325305,165,660,-660
02/12/2016 20:35,SCH - PJM_VFT,325658,315,315,-315
02/12/2016 20:35,SPR/DUN-SOUTH,23320,2987.27,4600,-9999
02/12/2016 20:35,TOTAL EAST,23314,4356.96,6500,-9999
02/12/2016 20:35,UPNY CONED,23315,2985.52,5100,-9999
02/12/2016 20:35,WEST CENTRAL,23312,1363.97,9999,-9999
02/12/2016 20:40,CENTRAL EAST - VC,23330,2619.12,2725,-9999
02/12/2016 20:40,DYSINGER EAST,23326,2032.09,3150,-9999
02/12/2016 20:40,MOSES SOUTH,23319,1582.65,3150,-1600
02/12/2016 20:40,SCH - HQ - NY,23324,1178,1178,-1000
02/12/2016 20:40,SCH - HQ_CEDARS,325274,98,199,-100
02/12/2016 20:40,SCH - HQ_IMPORT_EXPORT,325376,919,1310,-9999
02/12/2016 20:40,SCH - NE - NY,23318,-227.85,1400,-1600
02/12/2016 20:40,SCH - NPX_1385,325277,-23,200,-200
02/12/2016 20:40,SCH - NPX_CSC,325154,0,330,-330
02/12/2016 20:40,SCH - OH - NY,23317,1348.26,1900,-1900
02/12/2016 20:40,SCH - PJ - NY,23316,149.88,2600,-1300
02/12/2016 20:40,SCH - PJM_HTP,325905,0,0,0
02/12/2016 20:40,SCH - PJM_NEPTUNE,325305,165,660,-660
02/12/2016 20:40,SCH - PJM_VFT,325658,315,315,-315
02/12/2016 20:40,SPR/DUN-SOUTH,23320,2984.85,4600,-9999
02/12/2016 20:40,TOTAL EAST,23314,4403.71,6500,-9999
02/12/2016 20:40,UPNY CONED,23315,2972.75,5100,-9999
02/12/2016 20:40,WEST CENTRAL,23312,1329.33,9999,-9999
02/12/2016 20:45,CENTRAL EAST - VC,23330,2624.53,2725,-9999
02/12/2016 20:45,DYSINGER EAST,23326,2035.42,3150,-9999
02/12/2016 20:45,MOSES SOUTH,23319,1586.19,3150,-1600
02/12/2016 20:45,SCH - HQ - NY,23324,1178,1178,-1000
02/12/2016 20:45,SCH - HQ_CEDARS,325274,98,199,-100
02/12/2016 20:45,SCH - HQ_IMPORT_EXPORT,325376,919,1310,-9999
02/12/2016 20:45,SCH - NE - NY,23318,-226.65,1400,-1600
02/12/2016 20:45,SCH - NPX_1385,325277,-23,200,-200
02/12/2016 20:45,SCH - NPX_CSC,325154,0,330,-330
02/12/2016 20:45,SCH - OH - NY,23317,1348.39,1900,-1900
02/12/2016 20:45,SCH - PJ - NY,23316,127.3,2600,-1300
02/12/2016 20:45,SCH - PJM_HTP,325905,0,0,0
02/12/2016 20:45,SCH - PJM_NEPTUNE,325305,165,660,-660
02/12/2016 20:45,SCH - PJM_VFT,325658,315,315,-315
02/12/2016 20:45,SPR/DUN-SOUTH,23320,3011.79,4600,-9999
02/12/2016 20:45,TOTAL EAST,23314,4395.62,6500,-9999
02/12/2016 20:45,UPNY CONED,23315,2979.54,5100,-9999
02/12/2016 20:45,WEST CENTRAL,23312,1338.73,9999,-9999
02/12/2016 20:50,CENTRAL EAST - VC,23330,2624.92,2725,-9999
02/12/2016 20:50,DYSINGER EAST,23326,2051.21,3150,-9999
02/12/2016 20:50,MOSES SOUTH,23319,1593.88,3150,-1600
02/12/2016 20:50,SCH - HQ - NY,23324,1178,1178,-1000
02/12/2016 20:50,SCH - HQ_CEDARS,325274,98,199,-100
02/12/2016 20:50,SCH - HQ_IMPORT_EXPORT,325376,919,1310,-9999
02/12/2016 20:50,SCH - NE - NY,23318,-225.53,1400,-1600
02/12/2016 20:50,SCH - NPX_1385,325277,-23,200,-200
02/12/2016 20:50,SCH - NPX_CSC,325154,0,330,-330
02/12/2016 20:50,SCH - OH - NY,23317,1348.47,1900,-1900
02/12/2016 20:50,SCH - PJ - NY,23316,99.52,2600,-1300
02/12/2016 20:50,SCH - PJM_HTP,325905,0,0,0
02/12/2016 20:50,SCH - PJM_NEPTUNE,325305,165,660,-660
02/12/2016 20:50,SCH - PJM_VFT,325658,315,315,-315
02/12/2016 20:50,SPR/DUN-SOUTH,23320,3008.12,4600,-9999
02/12/2016 20:50,TOTAL EAST,23314,4366.87,6500,-9999
02/12/2016 20:50,UPNY CONED,23315,2967.47,5100,-9999
02/12/2016 20:50,WEST CENTRAL,23312,1358.77,9999,-9999
02/12/2016 20:55,CENTRAL EAST - VC,23330,2597.38,2725,-9999
02/12/2016 20:55,DYSINGER EAST,23326,1941.94,3150,-9999
02/12/2016 20:55,MOSES SOUTH,23319,1651.91,3150,-1600
02/12/2016 20:55,SCH - HQ - NY,23324,1178,1178,-1000
02/12/2016 20:55,SCH - HQ_CEDARS,325274,98,199,-100
02/12/2016 20:55,SCH - HQ_IMPORT_EXPORT,325376,919,1310,-9999
02/12/2016 20:55,SCH - NE - NY,23318,-225.36,1400,-1600
02/12/2016 20:55,SCH - NPX_1385,325277,-23,200,-200
02/12/2016 20:55,SCH - NPX_CSC,325154,0,330,-330
02/12/2016 20:55,SCH - OH - NY,23317,1348.53,1900,-1900
02/12/2016 20:55,SCH - PJ - NY,23316,103.75,2600,-1300
02/12/2016 20:55,SCH - PJM_HTP,325905,0,0,0
02/12/2016 20:55,SCH - PJM_NEPTUNE,325305,165,660,-660
02/12/2016 20:55,SCH - PJM_VFT,325658,315,315,-315
02/12/2016 20:55,SPR/DUN-SOUTH,23320,2944.63,4600,-9999
02/12/2016 20:55,TOTAL EAST,23314,4314.63,6500,-9999
02/12/2016 20:55,UPNY CONED,23315,2899.7,5100,-9999
02/12/2016 20:55,WEST CENTRAL,23312,1263.65,9999,-9999
02/12/2016 21:00,CENTRAL EAST - VC,23330,2625.42,2725,-9999
02/12/2016 21:00,DYSINGER EAST,23326,1950.08,3150,-9999
02/12/2016 21:00,MOSES SOUTH,23319,1550.59,3150,-1600
02/12/2016 21:00,SCH - HQ - NY,23324,1178,1178,-1000
02/12/2016 21:00,SCH - HQ_CEDARS,325274,99,199,-100
02/12/2016 21:00,SCH - HQ_IMPORT_EXPORT,325376,919,1310,-9999
02/12/2016 21:00,SCH - NE - NY,23318,-324.86,1400,-1600
02/12/2016 21:00,SCH - NPX_1385,325277,-10,200,-200
02/12/2016 21:00,SCH - NPX_CSC,325154,0,330,-330
02/12/2016 21:00,SCH - OH - NY,23317,1242.69,1900,-1900
02/12/2016 21:00,SCH - PJ - NY,23316,351.74,2600,-1300
02/12/2016 21:00,SCH - PJM_HTP,325905,0,0,0
02/12/2016 21:00,SCH - PJM_NEPTUNE,325305,247,660,-660
02/12/2016 21:00,SCH - PJM_VFT,325658,307,315,-315
02/12/2016 21:00,SPR/DUN-SOUTH,23320,2946.77,4600,-9999
02/12/2016 21:00,TOTAL EAST,23314,4513.28,6500,-9999
02/12/2016 21:00,UPNY CONED,23315,2893.32,5100,-9999
02/12/2016 21:00,WEST CENTRAL,23312,1279.16,9999,-9999
02/12/2016 21:05,CENTRAL EAST - VC,23330,2627.18,2725,-9999
02/12/2016 21:05,DYSINGER EAST,23326,1899.61,3150,-9999
02/12/2016 21:05,MOSES SOUTH,23319,1564.18,3150,-1600
02/12/2016 21:05,SCH - HQ - NY,23324,1178,1178,-1000
02/12/2016 21:05,SCH - HQ_CEDARS,325274,100,199,-100
02/12/2016 21:05,SCH - HQ_IMPORT_EXPORT,325376,919,1310,-9999
02/12/2016 21:05,SCH - NE - NY,23318,-424.78,1400,-1600
02/12/2016 21:05,SCH - NPX_1385,325277,3,200,-200
02/12/2016 21:05,SCH - NPX_CSC,325154,0,330,-330
02/12/2016 21:05,SCH - OH - NY,23317,1137.39,1900,-1900
02/12/2016 21:05,SCH - PJ - NY,23316,606.19,2600,-1300
02/12/2016 21:05,SCH - PJM_HTP,325905,0,0,0
02/12/2016 21:05,SCH - PJM_NEPTUNE,325305,330,660,-660
02/12/2016 21:05,SCH - PJM_VFT,325658,299,315,-315
02/12/2016 21:05,SPR/DUN-SOUTH,23320,2890.26,4600,-9999
02/12/2016 21:05,TOTAL EAST,23314,4593.94,6500,-9999
02/12/2016 21:05,UPNY CONED,23315,2780.2,5100,-9999
02/12/2016 21:05,WEST CENTRAL,23312,1231.12,9999,-9999
02/12/2016 21:10,CENTRAL EAST - VC,23330,2617.9,2725,-9999
02/12/2016 21:10,DYSINGER EAST,23326,1923.12,3150,-9999
02/12/2016 21:10,MOSES SOUTH,23319,1580.77,3150,-1600
02/12/2016 21:10,SCH - HQ - NY,23324,1178,1178,-1000
02/12/2016 21:10,SCH - HQ_CEDARS,325274,100,199,-100
02/12/2016 21:10,SCH - HQ_IMPORT_EXPORT,325376,919,1310,-9999
02/12/2016 21:10,SCH - NE - NY,23318,-424.78,1400,-1600
02/12/2016 21:10,SCH - NPX_1385,325277,3,200,-200
02/12/2016 21:10,SCH - NPX_CSC,325154,0,330,-330
02/12/2016 21:10,SCH - OH - NY,23317,1137.54,1900,-1900
02/12/2016 21:10,SCH - PJ - NY,23316,601.47,2600,-1300
02/12/2016 21:10,SCH - PJM_HTP,325905,0,0,0
02/12/2016 21:10,SCH - PJM_NEPTUNE,325305,330,660,-660
02/12/2016 21:10,SCH - PJM_VFT,325658,299,315,-315
02/12/2016 21:10,SPR/DUN-SOUTH,23320,2835.1,4600,-9999
02/12/2016 21:10,TOTAL EAST,23314,4514.46,6500,-9999
02/12/2016 21:10,UPNY CONED,23315,2758.29,5100,-9999
02/12/2016 21:10,WEST CENTRAL,23312,1257.38,9999,-9999
02/12/2016 21:15,CENTRAL EAST - VC,23330,2552.75,2665,-9999
02/12/2016 21:15,DYSINGER EAST,23326,1899.78,3150,-9999
02/12/2016 21:15,MOSES SOUTH,23319,1523.49,3150,-1600
02/12/2016 21:15,SCH - HQ - NY,23324,1178,1178,-1000
02/12/2016 21:15,SCH - HQ_CEDARS,325274,100,199,-100
02/12/2016 21:15,SCH - HQ_IMPORT_EXPORT,325376,919,1310,-9999
02/12/2016 21:15,SCH - NE - NY,23318,-334.29,1400,-1600
02/12/2016 21:15,SCH - NPX_1385,325277,3,200,-200
02/12/2016 21:15,SCH - NPX_CSC,325154,0,330,-330
02/12/2016 21:15,SCH - OH - NY,23317,1137.25,1900,-1900
02/12/2016 21:15,SCH - PJ - NY,23316,625.35,2600,-1300
02/12/2016 21:15,SCH - PJM_HTP,325905,0,0,0
02/12/2016 21:15,SCH - PJM_NEPTUNE,325305,330,660,-660
02/12/2016 21:15,SCH - PJM_VFT,325658,307,315,-315
02/12/2016 21:15,SPR/DUN-SOUTH,23320,2827.86,4600,-9999
02/12/2016 21:15,TOTAL EAST,23314,4444.03,6500,-9999
02/12/2016 21:15,UPNY CONED,23315,2760.96,5100,-9999
02/12/2016 21:15,WEST CENTRAL,23312,1232.07,9999,-9999
02/12/2016 21:20,CENTRAL EAST - VC,23330,2556.65,2665,-9999
02/12/2016 21:20,DYSINGER EAST,23326,1987.97,3150,-9999
02/12/2016 21:20,MOSES SOUTH,23319,1520.36,3150,-1600
02/12/2016 21:20,SCH - HQ - NY,23324,1178,1178,-1000
02/12/2016 21:20,SCH - HQ_CEDARS,325274,100,199,-100
02/12/2016 21:20,SCH - HQ_IMPORT_EXPORT,325376,919,1310,-9999
02/12/2016 21:20,SCH - NE - NY,23318,-243.93,1400,-1600
02/12/2016 21:20,SCH - NPX_1385,325277,3,200,-200
02/12/2016 21:20,SCH - NPX_CSC,325154,0,330,-330
02/12/2016 21:20,SCH - OH - NY,23317,1137.55,1900,-1900
02/12/2016 21:20,SCH - PJ - NY,23316,648.64,2600,-1300
02/12/2016 21:20,SCH - PJM_HTP,325905,0,0,0
02/12/2016 21:20,SCH - PJM_NEPTUNE,325305,330,660,-660
02/12/2016 21:20,SCH - PJM_VFT,325658,315,315,-315
02/12/2016 21:20,SPR/DUN-SOUTH,23320,2855.59,4600,-9999
02/12/2016 21:20,TOTAL EAST,23314,4473.82,6500,-9999
02/12/2016 21:20,UPNY CONED,23315,2791.9,5100,-9999
02/12/2016 21:20,WEST CENTRAL,23312,1322.19,9999,-9999
02/12/2016 21:25,CENTRAL EAST - VC,23330,2559.72,2665,-9999
02/12/2016 21:25,DYSINGER EAST,23326,1946.63,3150,-9999
02/12/2016 21:25,MOSES SOUTH,23319,1500.35,3150,-1600
02/12/2016 21:25,SCH - HQ - NY,23324,1178,1178,-1000
02/12/2016 21:25,SCH - HQ_CEDARS,325274,100,199,-100
02/12/2016 21:25,SCH - HQ_IMPORT_EXPORT,325376,919,1310,-9999
02/12/2016 21:25,SCH - NE - NY,23318,-243.81,1400,-1600
02/12/2016 21:25,SCH - NPX_1385,325277,3,200,-200
02/12/2016 21:25,SCH - NPX_CSC,325154,0,330,-330
02/12/2016 21:25,SCH - OH - NY,23317,1136.99,1900,-1900
02/12/2016 21:25,SCH - PJ - NY,23316,653.19,2600,-1300
02/12/2016 21:25,SCH - PJM_HTP,325905,0,0,0
02/12/2016 21:25,SCH - PJM_NEPTUNE,325305,330,660,-660
02/12/2016 21:25,SCH - PJM_VFT,325658,315,315,-315
02/12/2016 21:25,SPR/DUN-SOUTH,23320,2861.01,4600,-9999
02/12/2016 21:25,TOTAL EAST,23314,4493.26,6500,-9999
02/12/2016 21:25,UPNY CONED,23315,2813.02,5100,-9999
02/12/2016 21:25,WEST CENTRAL,23312,1288.2,9999,-9999
02/12/2016 21:30,CENTRAL EAST - VC,23330,2542.81,2665,-9999
02/12/2016 21:30,DYSINGER EAST,23326,1949.09,3150,-9999
02/12/2016 21:30,MOSES SOUTH,23319,1486.18,3150,-1600
02/12/2016 21:30,SCH - HQ - NY,23324,1178,1178,-1000
02/12/2016 21:30,SCH - HQ_CEDARS,325274,100,199,-100
02/12/2016 21:30,SCH - HQ_IMPORT_EXPORT,325376,919,1310,-9999
02/12/2016 21:30,SCH - NE - NY,23318,-271.45,1400,-1600
02/12/2016 21:30,SCH - NPX_1385,325277,3,200,-200
02/12/2016 21:30,SCH - NPX_CSC,325154,0,330,-330
02/12/2016 21:30,SCH - OH - NY,23317,1136.85,1900,-1900
02/12/2016 21:30,SCH - PJ - NY,23316,700.15,2600,-1300
02/12/2016 21:30,SCH - PJM_HTP,325905,0,0,0
02/12/2016 21:30,SCH - PJM_NEPTUNE,325305,330,660,-660
02/12/2016 21:30,SCH - PJM_VFT,325658,245,315,-315
02/12/2016 21:30,SPR/DUN-SOUTH,23320,2912.12,4600,-9999
02/12/2016 21:30,TOTAL EAST,23314,4569.79,6500,-9999
02/12/2016 21:30,UPNY CONED,23315,2861.38,5100,-9999
02/12/2016 21:30,WEST CENTRAL,23312,1298.49,9999,-9999
02/12/2016 21:35,CENTRAL EAST - VC,23330,2537.22,2635,-9999
02/12/2016 21:35,DYSINGER EAST,23326,1843.89,3150,-9999
02/12/2016 21:35,MOSES SOUTH,23319,1460.07,3150,-1600
02/12/2016 21:35,SCH - HQ - NY,23324,1178,1178,-1000
02/12/2016 21:35,SCH - HQ_CEDARS,325274,100,199,-100
02/12/2016 21:35,SCH - HQ_IMPORT_EXPORT,325376,919,1310,-9999
02/12/2016 21:35,SCH - NE - NY,23318,-299.8,1400,-1600
02/12/2016 21:35,SCH - NPX_1385,325277,3,200,-200
02/12/2016 21:35,SCH - NPX_CSC,325154,0,330,-330
02/12/2016 21:35,SCH - OH - NY,23317,1136.82,1900,-1900
02/12/2016 21:35,SCH - PJ - NY,23316,753.76,2600,-1300
02/12/2016 21:35,SCH - PJM_HTP,325905,0,0,0
02/12/2016 21:35,SCH - PJM_NEPTUNE,325305,330,660,-660
02/12/2016 21:35,SCH - PJM_VFT,325658,175,315,-315
02/12/2016 21:35,SPR/DUN-SOUTH,23320,2957.23,4600,-9999
02/12/2016 21:35,TOTAL EAST,23314,4394.13,6500,-9999
02/12/2016 21:35,UPNY CONED,23315,2884.28,5100,-9999
02/12/2016 21:35,WEST CENTRAL,23312,1204.4,9999,-9999
02/12/2016 21:40,CENTRAL EAST - VC,23330,2527.88,2635,-9999
02/12/2016 21:40,DYSINGER EAST,23326,1813.76,3150,-9999
02/12/2016 21:40,MOSES SOUTH,23319,1458.42,3150,-1600
02/12/2016 21:40,SCH - HQ - NY,23324,1178,1178,-1000
02/12/2016 21:40,SCH - HQ_CEDARS,325274,100,199,-100
02/12/2016 21:40,SCH - HQ_IMPORT_EXPORT,325376,919,1310,-9999
02/12/2016 21:40,SCH - NE - NY,23318,-300.02,1400,-1600
02/12/2016 21:40,SCH - NPX_1385,325277,3,200,-200
02/12/2016 21:40,SCH - NPX_CSC,325154,0,330,-330
02/12/2016 21:40,SCH - OH - NY,23317,1136.64,1900,-1900
02/12/2016 21:40,SCH - PJ - NY,23316,749.1,2600,-1300
02/12/2016 21:40,SCH - PJM_HTP,325905,0,0,0
02/12/2016 21:40,SCH - PJM_NEPTUNE,325305,330,660,-660
02/12/2016 21:40,SCH - PJM_VFT,325658,175,315,-315
02/12/2016 21:40,SPR/DUN-SOUTH,23320,2950.39,4600,-9999
02/12/2016 21:40,TOTAL EAST,23314,4480.46,6500,-9999
02/12/2016 21:40,UPNY CONED,23315,2905.19,5100,-9999
02/12/2016 21:40,WEST CENTRAL,23312,1187.68,9999,-9999
02/12/2016 21:45,CENTRAL EAST - VC,23330,2523.21,2635,-9999
02/12/2016 21:45,DYSINGER EAST,23326,1822.11,3150,-9999
02/12/2016 21:45,MOSES SOUTH,23319,1526.61,3150,-1600
02/12/2016 21:45,SCH - HQ - NY,23324,1178,1178,-1000
02/12/2016 21:45,SCH - HQ_CEDARS,325274,100,199,-100
02/12/2016 21:45,SCH - HQ_IMPORT_EXPORT,325376,919,1310,-9999
02/12/2016 21:45,SCH - NE - NY,23318,-293.24,1400,-1600
02/12/2016 21:45,SCH - NPX_1385,325277,3,200,-200
02/12/2016 21:45,SCH - NPX_CSC,325154,0,330,-330
02/12/2016 21:45,SCH - OH - NY,23317,1136.83,1900,-1900
02/12/2016 21:45,SCH - PJ - NY,23316,723.4,2600,-1300
02/12/2016 21:45,SCH - PJM_HTP,325905,0,0,0
02/12/2016 21:45,SCH - PJM_NEPTUNE,325305,330,660,-660
02/12/2016 21:45,SCH - PJM_VFT,325658,175,315,-315
02/12/2016 21:45,SPR/DUN-SOUTH,23320,2916.17,4600,-9999
02/12/2016 21:45,TOTAL EAST,23314,4566.41,6500,-9999
02/12/2016 21:45,UPNY CONED,23315,2880.55,5100,-9999
02/12/2016 21:45,WEST CENTRAL,23312,1198.63,9999,-9999
02/12/2016 21:50,CENTRAL EAST - VC,23330,2535.05,2635,-9999
02/12/2016 21:50,DYSINGER EAST,23326,1865.25,3150,-9999
02/12/2016 21:50,MOSES SOUTH,23319,1493.17,3150,-1600
02/12/2016 21:50,SCH - HQ - NY,23324,1178,1178,-1000
02/12/2016 21:50,SCH - HQ_CEDARS,325274,100,199,-100
02/12/2016 21:50,SCH - HQ_IMPORT_EXPORT,325376,919,1310,-9999
02/12/2016 21:50,SCH - NE - NY,23318,-286.4,1400,-1600
02/12/2016 21:50,SCH - NPX_1385,325277,3,200,-200
02/12/2016 21:50,SCH - NPX_CSC,325154,0,330,-330
02/12/2016 21:50,SCH - OH - NY,23317,1136.92,1900,-1900
02/12/2016 21:50,SCH - PJ - NY,23316,702.95,2600,-1300
02/12/2016 21:50,SCH - PJM_HTP,325905,0,0,0
02/12/2016 21:50,SCH - PJM_NEPTUNE,325305,330,660,-660
02/12/2016 21:50,SCH - PJM_VFT,325658,175,315,-315
02/12/2016 21:50,SPR/DUN-SOUTH,23320,2937.51,4600,-9999
02/12/2016 21:50,TOTAL EAST,23314,4582.41,6500,-9999
02/12/2016 21:50,UPNY CONED,23315,2885.32,5100,-9999
02/12/2016 21:50,WEST CENTRAL,23312,1242.49,9999,-9999
02/12/2016 21:55,CENTRAL EAST - VC,23330,2530.29,2635,-9999
02/12/2016 21:55,DYSINGER EAST,23326,1903.22,3150,-9999
02/12/2016 21:55,MOSES SOUTH,23319,1397.75,3150,-1600
02/12/2016 21:55,SCH - HQ - NY,23324,1178,1178,-1000
02/12/2016 21:55,SCH - HQ_CEDARS,325274,100,199,-100
02/12/2016 21:55,SCH - HQ_IMPORT_EXPORT,325376,919,1310,-9999
02/12/2016 21:55,SCH - NE - NY,23318,-286.33,1400,-1600
02/12/2016 21:55,SCH - NPX_1385,325277,3,200,-200
02/12/2016 21:55,SCH - NPX_CSC,325154,0,330,-330
02/12/2016 21:55,SCH - OH - NY,23317,1136.73,1900,-1900
02/12/2016 21:55,SCH - PJ - NY,23316,700.07,2600,-1300
02/12/2016 21:55,SCH - PJM_HTP,325905,0,0,0
02/12/2016 21:55,SCH - PJM_NEPTUNE,325305,330,660,-660
02/12/2016 21:55,SCH - PJM_VFT,325658,175,315,-315
02/12/2016 21:55,SPR/DUN-SOUTH,23320,2943.61,4600,-9999
02/12/2016 21:55,TOTAL EAST,23314,4594.19,6500,-9999
02/12/2016 21:55,UPNY CONED,23315,2883.87,5100,-9999
02/12/2016 21:55,WEST CENTRAL,23312,1286.63,9999,-9999
02/12/2016 22:00,CENTRAL EAST - VC,23330,2528.83,2635,-9999
02/12/2016 22:00,DYSINGER EAST,23326,1967.98,3150,-9999
02/12/2016 22:00,MOSES SOUTH,23319,1233.4,3150,-1600
02/12/2016 22:00,SCH - HQ - NY,23324,1098,1178,-1000
02/12/2016 22:00,SCH - HQ_CEDARS,325274,50,199,-100
02/12/2016 22:00,SCH - HQ_IMPORT_EXPORT,325376,839,1310,-9999
02/12/2016 22:00,SCH - NE - NY,23318,-354.92,1400,-1600
02/12/2016 22:00,SCH - NPX_1385,325277,10,200,-200
02/12/2016 22:00,SCH - NPX_CSC,325154,0,330,-330
02/12/2016 22:00,SCH - OH - NY,23317,1218.43,1900,-1900
02/12/2016 22:00,SCH - PJ - NY,23316,698.92,2600,-1300
02/12/2016 22:00,SCH - PJM_HTP,325905,0,0,0
02/12/2016 22:00,SCH - PJM_NEPTUNE,325305,495,660,-660
02/12/2016 22:00,SCH - PJM_VFT,325658,245,315,-315
02/12/2016 22:00,SPR/DUN-SOUTH,23320,2806.9,4600,-9999
02/12/2016 22:00,TOTAL EAST,23314,4526.17,6500,-9999
02/12/2016 22:00,UPNY CONED,23315,2640.61,5100,-9999
02/12/2016 22:00,WEST CENTRAL,23312,1356.75,9999,-9999
02/12/2016 22:05,CENTRAL EAST - VC,23330,2478.08,2635,-9999
02/12/2016 22:05,DYSINGER EAST,23326,1855.01,3150,-9999
02/12/2016 22:05,MOSES SOUTH,23319,1178.73,3150,-1600
02/12/2016 22:05,SCH - HQ - NY,23324,1018,1178,-1000
02/12/2016 22:05,SCH - HQ_CEDARS,325274,0,199,-100
02/12/2016 22:05,SCH - HQ_IMPORT_EXPORT,325376,759,1310,-9999
02/12/2016 22:05,SCH - NE - NY,23318,-424.58,1400,-1600
02/12/2016 22:05,SCH - NPX_1385,325277,17,200,-200
02/12/2016 22:05,SCH - NPX_CSC,325154,0,330,-330
02/12/2016 22:05,SCH - OH - NY,23317,1301.01,1900,-1900
02/12/2016 22:05,SCH - PJ - NY,23316,697.69,2600,-1300
02/12/2016 22:05,SCH - PJM_HTP,325905,0,0,0
02/12/2016 22:05,SCH - PJM_NEPTUNE,325305,660,660,-660
02/12/2016 22:05,SCH - PJM_VFT,325658,315,315,-315
02/12/2016 22:05,SPR/DUN-SOUTH,23320,2779.68,4600,-9999
02/12/2016 22:05,TOTAL EAST,23314,4472.79,6500,-9999
02/12/2016 22:05,UPNY CONED,23315,2436.28,5100,-9999
02/12/2016 22:05,WEST CENTRAL,23312,1259.79,9999,-9999
02/12/2016 22:10,CENTRAL EAST - VC,23330,2532.93,2635,-9999
02/12/2016 22:10,DYSINGER EAST,23326,1812.52,3150,-9999
02/12/2016 22:10,MOSES SOUTH,23319,1245.9,3150,-1600
02/12/2016 22:10,SCH - HQ - NY,23324,1018,1178,-1000
02/12/2016 22:10,SCH - HQ_CEDARS,325274,0,199,-100
02/12/2016 22:10,SCH - HQ_IMPORT_EXPORT,325376,759,1310,-9999
02/12/2016 22:10,SCH - NE - NY,23318,-424.35,1400,-1600
02/12/2016 22:10,SCH - NPX_1385,325277,17,200,-200
02/12/2016 22:10,SCH - NPX_CSC,325154,0,330,-330
02/12/2016 22:10,SCH - OH - NY,23317,1301.2,1900,-1900
02/12/2016 22:10,SCH - PJ - NY,23316,695.65,2600,-1300
02/12/2016 22:10,SCH - PJM_HTP,325905,0,0,0
02/12/2016 22:10,SCH - PJM_NEPTUNE,325305,660,660,-660
02/12/2016 22:10,SCH - PJM_VFT,325658,315,315,-315
02/12/2016 22:10,SPR/DUN-SOUTH,23320,2816.94,4600,-9999
02/12/2016 22:10,TOTAL EAST,23314,4477.33,6500,-9999
02/12/2016 22:10,UPNY CONED,23315,2485.37,5100,-9999
02/12/2016 22:10,WEST CENTRAL,23312,1232.4,9999,-9999
02/12/2016 22:15,CENTRAL EAST - VC,23330,2522.68,2635,-9999
02/12/2016 22:15,DYSINGER EAST,23326,1734.57,3150,-9999
02/12/2016 22:15,MOSES SOUTH,23319,1256.11,3150,-1600
02/12/2016 22:15,SCH - HQ - NY,23324,1018,1178,-1000
02/12/2016 22:15,SCH - HQ_CEDARS,325274,0,199,-100
02/12/2016 22:15,SCH - HQ_IMPORT_EXPORT,325376,759,1310,-9999
02/12/2016 22:15,SCH - NE - NY,23318,-495.08,1400,-1600
02/12/2016 22:15,SCH - NPX_1385,325277,17,200,-200
02/12/2016 22:15,SCH - NPX_CSC,325154,0,330,-330
02/12/2016 22:15,SCH - OH - NY,23317,1301.16,1900,-1900
02/12/2016 22:15,SCH - PJ - NY,23316,698.55,2600,-1300
02/12/2016 22:15,SCH - PJM_HTP,325905,0,0,0
02/12/2016 22:15,SCH - PJM_NEPTUNE,325305,660,660,-660
02/12/2016 22:15,SCH - PJM_VFT,325658,315,315,-315
02/12/2016 22:15,SPR/DUN-SOUTH,23320,2756.51,4600,-9999
02/12/2016 22:15,TOTAL EAST,23314,4379.17,6500,-9999
02/12/2016 22:15,UPNY CONED,23315,2443.01,5100,-9999
02/12/2016 22:15,WEST CENTRAL,23312,1159.63,9999,-9999
02/12/2016 22:20,CENTRAL EAST - VC,23330,2522.43,2635,-9999
02/12/2016 22:20,DYSINGER EAST,23326,1748.44,3150,-9999
02/12/2016 22:20,MOSES SOUTH,23319,1296.55,3150,-1600
02/12/2016 22:20,SCH - HQ - NY,23324,1018,1178,-1000
02/12/2016 22:20,SCH - HQ_CEDARS,325274,0,199,-100
02/12/2016 22:20,SCH - HQ_IMPORT_EXPORT,325376,759,1310,-9999
02/12/2016 22:20,SCH - NE - NY,23318,-565.74,1400,-1600
02/12/2016 22:20,SCH - NPX_1385,325277,17,200,-200
02/12/2016 22:20,SCH - NPX_CSC,325154,0,330,-330
02/12/2016 22:20,SCH - OH - NY,23317,1301.54,1900,-1900
02/12/2016 22:20,SCH - PJ - NY,23316,695.85,2600,-1300
02/12/2016 22:20,SCH - PJM_HTP,325905,0,0,0
02/12/2016 22:20,SCH - PJM_NEPTUNE,325305,660,660,-660
02/12/2016 22:20,SCH - PJM_VFT,325658,315,315,-315
02/12/2016 22:20,SPR/DUN-SOUTH,23320,2702.67,4600,-9999
02/12/2016 22:20,TOTAL EAST,23314,4373.91,6500,-9999
02/12/2016 22:20,UPNY CONED,23315,2371.27,5100,-9999
02/12/2016 22:20,WEST CENTRAL,23312,1176.29,9999,-9999
02/12/2016 22:25,CENTRAL EAST - VC,23330,2521.81,2635,-9999
02/12/2016 22:25,DYSINGER EAST,23326,1709.86,3150,-9999
02/12/2016 22:25,MOSES SOUTH,23319,1254.25,3150,-1600
02/12/2016 22:25,SCH - HQ - NY,23324,1018,1178,-1000
02/12/2016 22:25,SCH - HQ_CEDARS,325274,0,199,-100
02/12/2016 22:25,SCH - HQ_IMPORT_EXPORT,325376,759,1310,-9999
02/12/2016 22:25,SCH - NE - NY,23318,-565.53,1400,-1600
02/12/2016 22:25,SCH - NPX_1385,325277,17,200,-200
02/12/2016 22:25,SCH - NPX_CSC,325154,0,330,-330
02/12/2016 22:25,SCH - OH - NY,23317,1301.57,1900,-1900
02/12/2016 22:25,SCH - PJ - NY,23316,695.35,2600,-1300
02/12/2016 22:25,SCH - PJM_HTP,325905,0,0,0
02/12/2016 22:25,SCH - PJM_NEPTUNE,325305,660,660,-660
02/12/2016 22:25,SCH - PJM_VFT,325658,315,315,-315
02/12/2016 22:25,SPR/DUN-SOUTH,23320,2609.38,4600,-9999
02/12/2016 22:25,TOTAL EAST,23314,4234.56,6500,-9999
02/12/2016 22:25,UPNY CONED,23315,2287.87,5100,-9999
02/12/2016 22:25,WEST CENTRAL,23312,1139.31,9999,-9999
02/12/2016 22:30,CENTRAL EAST - VC,23330,2535.78,2635,-9999
02/12/2016 22:30,DYSINGER EAST,23326,1803.75,3150,-9999
02/12/2016 22:30,MOSES SOUTH,23319,1233.32,3150,-1600
02/12/2016 22:30,SCH - HQ - NY,23324,1018,1178,-1000
02/12/2016 22:30,SCH - HQ_CEDARS,325274,0,199,-100
02/12/2016 22:30,SCH - HQ_IMPORT_EXPORT,325376,759,1310,-9999
02/12/2016 22:30,SCH - NE - NY,23318,-524.09,1400,-1600
02/12/2016 22:30,SCH - NPX_1385,325277,17,200,-200
02/12/2016 22:30,SCH - NPX_CSC,325154,0,330,-330
02/12/2016 22:30,SCH - OH - NY,23317,1301.19,1900,-1900
02/12/2016 22:30,SCH - PJ - NY,23316,677.81,2600,-1300
02/12/2016 22:30,SCH - PJM_HTP,325905,0,0,0
02/12/2016 22:30,SCH - PJM_NEPTUNE,325305,660,660,-660
02/12/2016 22:30,SCH - PJM_VFT,325658,315,315,-315
02/12/2016 22:30,SPR/DUN-SOUTH,23320,2659.5,4600,-9999
02/12/2016 22:30,TOTAL EAST,23314,4382.21,6500,-9999
02/12/2016 22:30,UPNY CONED,23315,2352.6,5100,-9999
02/12/2016 22:30,WEST CENTRAL,23312,1232.41,9999,-9999
02/12/2016 22:35,CENTRAL EAST - VC,23330,2535.95,2635,-9999
02/12/2016 22:35,DYSINGER EAST,23326,1905.85,3150,-9999
02/12/2016 22:35,MOSES SOUTH,23319,1232.38,3150,-1600
02/12/2016 22:35,SCH - HQ - NY,23324,1018,1178,-1000
02/12/2016 22:35,SCH - HQ_CEDARS,325274,0,199,-100
02/12/2016 22:35,SCH - HQ_IMPORT_EXPORT,325376,759,1310,-9999
02/12/2016 22:35,SCH - NE - NY,23318,-483.6,1400,-1600
02/12/2016 22:35,SCH - NPX_1385,325277,17,200,-200
02/12/2016 22:35,SCH - NPX_CSC,325154,0,330,-330
02/12/2016 22:35,SCH - OH - NY,23317,1301.51,1900,-1900
02/12/2016 22:35,SCH - PJ - NY,23316,656.57,2600,-1300
02/12/2016 22:35,SCH - PJM_HTP,325905,0,0,0
02/12/2016 22:35,SCH - PJM_NEPTUNE,325305,660,660,-660
02/12/2016 22:35,SCH - PJM_VFT,325658,315,315,-315
02/12/2016 22:35,SPR/DUN-SOUTH,23320,2685.84,4600,-9999
02/12/2016 22:35,TOTAL EAST,23314,4392.57,6500,-9999
02/12/2016 22:35,UPNY CONED,23315,2393.37,5100,-9999
02/12/2016 22:35,WEST CENTRAL,23312,1336.01,9999,-9999
02/12/2016 22:40,CENTRAL EAST - VC,23330,2529.89,2635,-9999
02/12/2016 22:40,DYSINGER EAST,23326,1906.22,3150,-9999
02/12/2016 22:40,MOSES SOUTH,23319,1238.29,3150,-1600
02/12/2016 22:40,SCH - HQ - NY,23324,1018,1178,-1000
02/12/2016 22:40,SCH - HQ_CEDARS,325274,0,199,-100
02/12/2016 22:40,SCH - HQ_IMPORT_EXPORT,325376,759,1310,-9999
02/12/2016 22:40,SCH - NE - NY,23318,-484.35,1400,-1600
02/12/2016 22:40,SCH - NPX_1385,325277,17,200,-200
02/12/2016 22:40,SCH - NPX_CSC,325154,0,330,-330
02/12/2016 22:40,SCH - OH - NY,23317,1301.34,1900,-1900
02/12/2016 22:40,SCH - PJ - NY,23316,658.8,2600,-1300
02/12/2016 22:40,SCH - PJM_HTP,325905,0,0,0
02/12/2016 22:40,SCH - PJM_NEPTUNE,325305,660,660,-660
02/12/2016 22:40,SCH - PJM_VFT,325658,315,315,-315
02/12/2016 22:40,SPR/DUN-SOUTH,23320,2698.02,4600,-9999
02/12/2016 22:40,TOTAL EAST,23314,4461.23,6500,-9999
02/12/2016 22:40,UPNY CONED,23315,2408.62,5100,-9999
02/12/2016 22:40,WEST CENTRAL,23312,1347.03,9999,-9999
02/12/2016 22:45,CENTRAL EAST - VC,23330,2458.07,2635,-9999
02/12/2016 22:45,DYSINGER EAST,23326,1777.29,3150,-9999
02/12/2016 22:45,MOSES SOUTH,23319,1296.41,3150,-1600
02/12/2016 22:45,SCH - HQ - NY,23324,1018,1178,-1000
02/12/2016 22:45,SCH - HQ_CEDARS,325274,0,199,-100
02/12/2016 22:45,SCH - HQ_IMPORT_EXPORT,325376,759,1310,-9999
02/12/2016 22:45,SCH - NE - NY,23318,-423.33,1400,-1600
02/12/2016 22:45,SCH - NPX_1385,325277,17,200,-200
02/12/2016 22:45,SCH - NPX_CSC,325154,0,330,-330
02/12/2016 22:45,SCH - OH - NY,23317,1301.46,1900,-1900
02/12/2016 22:45,SCH - PJ - NY,23316,604.9,2600,-1300
02/12/2016 22:45,SCH - PJM_HTP,325905,0,0,0
02/12/2016 22:45,SCH - PJM_NEPTUNE,325305,660,660,-660
02/12/2016 22:45,SCH - PJM_VFT,325658,315,315,-315
02/12/2016 22:45,SPR/DUN-SOUTH,23320,2648.28,4600,-9999
02/12/2016 22:45,TOTAL EAST,23314,4342.84,6500,-9999
02/12/2016 22:45,UPNY CONED,23315,2287.05,5100,-9999
02/12/2016 22:45,WEST CENTRAL,23312,1236.92,9999,-9999
02/12/2016 22:50,CENTRAL EAST - VC,23330,2486.12,2635,-9999
02/12/2016 22:50,DYSINGER EAST,23326,1782.87,3150,-9999
02/12/2016 22:50,MOSES SOUTH,23319,1314.31,3150,-1600
02/12/2016 22:50,SCH - HQ - NY,23324,1018,1178,-1000
02/12/2016 22:50,SCH - HQ_CEDARS,325274,0,199,-100
02/12/2016 22:50,SCH - HQ_IMPORT_EXPORT,325376,759,1310,-9999
02/12/2016 22:50,SCH - NE - NY,23318,-362.65,1400,-1600
02/12/2016 22:50,SCH - NPX_1385,325277,17,200,-200
02/12/2016 22:50,SCH - NPX_CSC,325154,0,330,-330
02/12/2016 22:50,SCH - OH - NY,23317,1301.4,1900,-1900
02/12/2016 22:50,SCH - PJ - NY,23316,557.07,2600,-1300
02/12/2016 22:50,SCH - PJM_HTP,325905,0,0,0
02/12/2016 22:50,SCH - PJM_NEPTUNE,325305,660,660,-660
02/12/2016 22:50,SCH - PJM_VFT,325658,315,315,-315
02/12/2016 22:50,SPR/DUN-SOUTH,23320,2667,4600,-9999
02/12/2016 22:50,TOTAL EAST,23314,4298.21,6500,-9999
02/12/2016 22:50,UPNY CONED,23315,2335.88,5100,-9999
02/12/2016 22:50,WEST CENTRAL,23312,1249.96,9999,-9999
02/12/2016 22:55,CENTRAL EAST - VC,23330,2455.29,2635,-9999
02/12/2016 22:55,DYSINGER EAST,23326,1756.89,3150,-9999
02/12/2016 22:55,MOSES SOUTH,23319,1315.68,3150,-1600
02/12/2016 22:55,SCH - HQ - NY,23324,1018,1178,-1000
02/12/2016 22:55,SCH - HQ_CEDARS,325274,0,199,-100
02/12/2016 22:55,SCH - HQ_IMPORT_EXPORT,325376,759,1310,-9999
02/12/2016 22:55,SCH - NE - NY,23318,-362.61,1400,-1600
02/12/2016 22:55,SCH - NPX_1385,325277,17,200,-200
02/12/2016 22:55,SCH - NPX_CSC,325154,0,330,-330
02/12/2016 22:55,SCH - OH - NY,23317,1301.34,1900,-1900
02/12/2016 22:55,SCH - PJ - NY,23316,555.31,2600,-1300
02/12/2016 22:55,SCH - PJM_HTP,325905,0,0,0
02/12/2016 22:55,SCH - PJM_NEPTUNE,325305,660,660,-660
02/12/2016 22:55,SCH - PJM_VFT,325658,315,315,-315
02/12/2016 22:55,SPR/DUN-SOUTH,23320,2669.91,4600,-9999
02/12/2016 22:55,TOTAL EAST,23314,4311.71,6500,-9999
02/12/2016 22:55,UPNY CONED,23315,2339.2,5100,-9999
02/12/2016 22:55,WEST CENTRAL,23312,1226.92,9999,-9999
02/12/2016 23:00,CENTRAL EAST - VC,23330,2370.67,2590,-9999
02/12/2016 23:00,DYSINGER EAST,23326,1651.95,3150,-9999
02/12/2016 23:00,MOSES SOUTH,23319,1270.08,3150,-1600
02/12/2016 23:00,SCH - HQ - NY,23324,948,1178,-1000
02/12/2016 23:00,SCH - HQ_CEDARS,325274,46,199,-100
02/12/2016 23:00,SCH - HQ_IMPORT_EXPORT,325376,689,1310,-9999
02/12/2016 23:00,SCH - NE - NY,23318,-462.22,1400,-1600
02/12/2016 23:00,SCH - NPX_1385,325277,8,200,-200
02/12/2016 23:00,SCH - NPX_CSC,325154,0,330,-330
02/12/2016 23:00,SCH - OH - NY,23317,1296.41,1900,-1900
02/12/2016 23:00,SCH - PJ - NY,23316,782.24,2600,-1300
02/12/2016 23:00,SCH - PJM_HTP,325905,0,0,0
02/12/2016 23:00,SCH - PJM_NEPTUNE,325305,660,660,-660
02/12/2016 23:00,SCH - PJM_VFT,325658,315,315,-315
02/12/2016 23:00,SPR/DUN-SOUTH,23320,2629.16,4600,-9999
02/12/2016 23:00,TOTAL EAST,23314,4327.07,6500,-9999
02/12/2016 23:00,UPNY CONED,23315,2300.21,5100,-9999
02/12/2016 23:00,WEST CENTRAL,23312,1130.36,9999,-9999
02/12/2016 23:05,CENTRAL EAST - VC,23330,2369.17,2590,-9999
02/12/2016 23:05,DYSINGER EAST,23326,1607.84,3150,-9999
02/12/2016 23:05,MOSES SOUTH,23319,1251.67,3150,-1600
02/12/2016 23:05,SCH - HQ - NY,23324,878,1178,-1000
02/12/2016 23:05,SCH - HQ_CEDARS,325274,93,199,-100
02/12/2016 23:05,SCH - HQ_IMPORT_EXPORT,325376,619,1310,-9999
02/12/2016 23:05,SCH - NE - NY,23318,-561.65,1400,-1600
02/12/2016 23:05,SCH - NPX_1385,325277,0,200,-200
02/12/2016 23:05,SCH - NPX_CSC,325154,0,330,-330
02/12/2016 23:05,SCH - OH - NY,23317,1292.75,1900,-1900
02/12/2016 23:05,SCH - PJ - NY,23316,1006.08,2600,-1300
02/12/2016 23:05,SCH - PJM_HTP,325905,0,0,0
02/12/2016 23:05,SCH - PJM_NEPTUNE,325305,660,660,-660
02/12/2016 23:05,SCH - PJM_VFT,325658,315,315,-315
02/12/2016 23:05,SPR/DUN-SOUTH,23320,2520.28,4600,-9999
02/12/2016 23:05,TOTAL EAST,23314,4309.2,6500,-9999
02/12/2016 23:05,UPNY CONED,23315,2198.66,5100,-9999
02/12/2016 23:05,WEST CENTRAL,23312,1092.1,9999,-9999
02/12/2016 23:10,CENTRAL EAST - VC,23330,2303.74,2590,-9999
02/12/2016 23:10,DYSINGER EAST,23326,1514.54,3150,-9999
02/12/2016 23:10,MOSES SOUTH,23319,1206,3150,-1600
02/12/2016 23:10,SCH - HQ - NY,23324,878,1178,-1000
02/12/2016 23:10,SCH - HQ_CEDARS,325274,93,199,-100
02/12/2016 23:10,SCH - HQ_IMPORT_EXPORT,325376,619,1310,-9999
02/12/2016 23:10,SCH - NE - NY,23318,-561.48,1400,-1600
02/12/2016 23:10,SCH - NPX_1385,325277,0,200,-200
02/12/2016 23:10,SCH - NPX_CSC,325154,0,330,-330
02/12/2016 23:10,SCH - OH - NY,23317,1292.54,1900,-1900
02/12/2016 23:10,SCH - PJ - NY,23316,1001.92,2600,-1300
02/12/2016 23:10,SCH - PJM_HTP,325905,0,0,0
02/12/2016 23:10,SCH - PJM_NEPTUNE,325305,660,660,-660
02/12/2016 23:10,SCH - PJM_VFT,325658,315,315,-315
02/12/2016 23:10,SPR/DUN-SOUTH,23320,2387.92,4600,-9999
02/12/2016 23:10,TOTAL EAST,23314,4182.27,6500,-9999
02/12/2016 23:10,UPNY CONED,23315,2024.73,5100,-9999
02/12/2016 23:10,WEST CENTRAL,23312,1005.13,9999,-9999
02/12/2016 23:15,CENTRAL EAST - VC,23330,2282.15,2520,-9999
02/12/2016 23:15,DYSINGER EAST,23326,1624.77,3150,-9999
02/12/2016 23:15,MOSES SOUTH,23319,1149.31,3150,-1600
02/12/2016 23:15,SCH - HQ - NY,23324,878,1178,-1000
02/12/2016 23:15,SCH - HQ_CEDARS,325274,93,199,-100
02/12/2016 23:15,SCH - HQ_IMPORT_EXPORT,325376,619,1310,-9999
02/12/2016 23:15,SCH - NE - NY,23318,-661.17,1400,-1600
02/12/2016 23:15,SCH - NPX_1385,325277,0,200,-200
02/12/2016 23:15,SCH - NPX_CSC,325154,0,330,-330
02/12/2016 23:15,SCH - OH - NY,23317,1292.71,1900,-1900
02/12/2016 23:15,SCH - PJ - NY,23316,1042.23,2600,-1300
02/12/2016 23:15,SCH - PJM_HTP,325905,0,0,0
02/12/2016 23:15,SCH - PJM_NEPTUNE,325305,660,660,-660
02/12/2016 23:15,SCH - PJM_VFT,325658,315,315,-315
02/12/2016 23:15,SPR/DUN-SOUTH,23320,2339.02,4600,-9999
02/12/2016 23:15,TOTAL EAST,23314,4183.07,6500,-9999
02/12/2016 23:15,UPNY CONED,23315,1938.73,5100,-9999
02/12/2016 23:15,WEST CENTRAL,23312,1111.3,9999,-9999
02/12/2016 23:20,CENTRAL EAST - VC,23330,2295.56,2520,-9999
02/12/2016 23:20,DYSINGER EAST,23326,1644.73,3150,-9999
02/12/2016 23:20,MOSES SOUTH,23319,1135.85,3150,-1600
02/12/2016 23:20,SCH - HQ - NY,23324,879,1178,-1000
02/12/2016 23:20,SCH - HQ_CEDARS,325274,93,199,-100
02/12/2016 23:20,SCH - HQ_IMPORT_EXPORT,325376,620,1310,-9999
02/12/2016 23:20,SCH - NE - NY,23318,-760.12,1400,-1600
02/12/2016 23:20,SCH - NPX_1385,325277,0,200,-200
02/12/2016 23:20,SCH - NPX_CSC,325154,0,330,-330
02/12/2016 23:20,SCH - OH - NY,23317,1292.85,1900,-1900
02/12/2016 23:20,SCH - PJ - NY,23316,1081.23,2600,-1300
02/12/2016 23:20,SCH - PJM_HTP,325905,0,0,0
02/12/2016 23:20,SCH - PJM_NEPTUNE,325305,660,660,-660
02/12/2016 23:20,SCH - PJM_VFT,325658,315,315,-315
02/12/2016 23:20,SPR/DUN-SOUTH,23320,2302.55,4600,-9999
02/12/2016 23:20,TOTAL EAST,23314,4218.69,6500,-9999
02/12/2016 23:20,UPNY CONED,23315,1874.53,5100,-9999
02/12/2016 23:20,WEST CENTRAL,23312,1129.15,9999,-9999
02/12/2016 23:25,CENTRAL EAST - VC,23330,2268.53,2520,-9999
02/12/2016 23:25,DYSINGER EAST,23326,1554.71,3150,-9999
02/12/2016 23:25,MOSES SOUTH,23319,1152.89,3150,-1600
02/12/2016 23:25,SCH - HQ - NY,23324,879,1178,-1000
02/12/2016 23:25,SCH - HQ_CEDARS,325274,93,199,-100
02/12/2016 23:25,SCH - HQ_IMPORT_EXPORT,325376,620,1310,-9999
02/12/2016 23:25,SCH - NE - NY,23318,-760.28,1400,-1600
02/12/2016 23:25,SCH - NPX_1385,325277,0,200,-200
02/12/2016 23:25,SCH - NPX_CSC,325154,0,330,-330
02/12/2016 23:25,SCH - OH - NY,23317,1292.89,1900,-1900
02/12/2016 23:25,SCH - PJ - NY,23316,1081.93,2600,-1300
02/12/2016 23:25,SCH - PJM_HTP,325905,0,0,0
02/12/2016 23:25,SCH - PJM_NEPTUNE,325305,660,660,-660
02/12/2016 23:25,SCH - PJM_VFT,325658,315,315,-315
02/12/2016 23:25,SPR/DUN-SOUTH,23320,2275.92,4600,-9999
02/12/2016 23:25,TOTAL EAST,23314,4173,6500,-9999
02/12/2016 23:25,UPNY CONED,23315,1834.05,5100,-9999
02/12/2016 23:25,WEST CENTRAL,23312,1045.78,9999,-9999
02/12/2016 23:30,CENTRAL EAST - VC,23330,2230.66,2520,-9999
02/12/2016 23:30,DYSINGER EAST,23326,1568.89,3150,-9999
02/12/2016 23:30,MOSES SOUTH,23319,1187.12,3150,-1600
02/12/2016 23:30,SCH - HQ - NY,23324,879,1178,-1000
02/12/2016 23:30,SCH - HQ_CEDARS,325274,93,199,-100
02/12/2016 23:30,SCH - HQ_IMPORT_EXPORT,325376,620,1310,-9999
02/12/2016 23:30,SCH - NE - NY,23318,-806.08,1400,-1600
02/12/2016 23:30,SCH - NPX_1385,325277,0,200,-200
02/12/2016 23:30,SCH - NPX_CSC,325154,0,330,-330
02/12/2016 23:30,SCH - OH - NY,23317,1293.55,1900,-1900
02/12/2016 23:30,SCH - PJ - NY,23316,1069.47,2600,-1300
02/12/2016 23:30,SCH - PJM_HTP,325905,0,0,0
02/12/2016 23:30,SCH - PJM_NEPTUNE,325305,660,660,-660
02/12/2016 23:30,SCH - PJM_VFT,325658,315,315,-315
02/12/2016 23:30,SPR/DUN-SOUTH,23320,2196.62,4600,-9999
02/12/2016 23:30,TOTAL EAST,23314,4193.39,6500,-9999
02/12/2016 23:30,UPNY CONED,23315,1758.23,5100,-9999
02/12/2016 23:30,WEST CENTRAL,23312,1069.05,9999,-9999
02/12/2016 23:35,CENTRAL EAST - VC,23330,2289.63,2520,-9999
02/12/2016 23:35,DYSINGER EAST,23326,1567.87,3150,-9999
02/12/2016 23:35,MOSES SOUTH,23319,1172.43,3150,-1600
02/12/2016 23:35,SCH - HQ - NY,23324,879,1178,-1000
02/12/2016 23:35,SCH - HQ_CEDARS,325274,93,199,-100
02/12/2016 23:35,SCH - HQ_IMPORT_EXPORT,325376,620,1310,-9999
02/12/2016 23:35,SCH - NE - NY,23318,-850.31,1400,-1600
02/12/2016 23:35,SCH - NPX_1385,325277,0,200,-200
02/12/2016 23:35,SCH - NPX_CSC,325154,0,330,-330
02/12/2016 23:35,SCH - OH - NY,23317,1293.38,1900,-1900
02/12/2016 23:35,SCH - PJ - NY,23316,1058.42,2600,-1300
02/12/2016 23:35,SCH - PJM_HTP,325905,0,0,0
02/12/2016 23:35,SCH - PJM_NEPTUNE,325305,660,660,-660
02/12/2016 23:35,SCH - PJM_VFT,325658,315,315,-315
02/12/2016 23:35,SPR/DUN-SOUTH,23320,2212.71,4600,-9999
02/12/2016 23:35,TOTAL EAST,23314,4192.09,6500,-9999
02/12/2016 23:35,UPNY CONED,23315,1765.44,5100,-9999
02/12/2016 23:35,WEST CENTRAL,23312,1074.72,9999,-9999
02/12/2016 23:40,CENTRAL EAST - VC,23330,2277,2520,-9999
02/12/2016 23:40,DYSINGER EAST,23326,1510.84,3150,-9999
02/12/2016 23:40,MOSES SOUTH,23319,1137.55,3150,-1600
02/12/2016 23:40,SCH - HQ - NY,23324,879,1178,-1000
02/12/2016 23:40,SCH - HQ_CEDARS,325274,93,199,-100
02/12/2016 23:40,SCH - HQ_IMPORT_EXPORT,325376,620,1310,-9999
02/12/2016 23:40,SCH - NE - NY,23318,-849.92,1400,-1600
02/12/2016 23:40,SCH - NPX_1385,325277,0,200,-200
02/12/2016 23:40,SCH - NPX_CSC,325154,0,330,-330
02/12/2016 23:40,SCH - OH - NY,23317,1293.03,1900,-1900
02/12/2016 23:40,SCH - PJ - NY,23316,1060.66,2600,-1300
02/12/2016 23:40,SCH - PJM_HTP,325905,0,0,0
02/12/2016 23:40,SCH - PJM_NEPTUNE,325305,660,660,-660
02/12/2016 23:40,SCH - PJM_VFT,325658,315,315,-315
02/12/2016 23:40,SPR/DUN-SOUTH,23320,2212.99,4600,-9999
02/12/2016 23:40,TOTAL EAST,23314,4130.91,6500,-9999
02/12/2016 23:40,UPNY CONED,23315,1742.16,5100,-9999
02/12/2016 23:40,WEST CENTRAL,23312,1024.17,9999,-9999
02/12/2016 23:45,CENTRAL EAST - VC,23330,2231.7,2520,-9999
02/12/2016 23:45,DYSINGER EAST,23326,1455.99,3150,-9999
02/12/2016 23:45,MOSES SOUTH,23319,1119.43,3150,-1600
02/12/2016 23:45,SCH - HQ - NY,23324,879,1178,-1000
02/12/2016 23:45,SCH - HQ_CEDARS,325274,93,199,-100
02/12/2016 23:45,SCH - HQ_IMPORT_EXPORT,325376,620,1310,-9999
02/12/2016 23:45,SCH - NE - NY,23318,-750.18,1400,-1600
02/12/2016 23:45,SCH - NPX_1385,325277,0,200,-200
02/12/2016 23:45,SCH - NPX_CSC,325154,0,330,-330
02/12/2016 23:45,SCH - OH - NY,23317,1292.99,1900,-1900
02/12/2016 23:45,SCH - PJ - NY,23316,1009.65,2600,-1300
02/12/2016 23:45,SCH - PJM_HTP,325905,0,0,0
02/12/2016 23:45,SCH - PJM_NEPTUNE,325305,660,660,-660
02/12/2016 23:45,SCH - PJM_VFT,325658,315,315,-315
02/12/2016 23:45,SPR/DUN-SOUTH,23320,2244.23,4600,-9999
02/12/2016 23:45,TOTAL EAST,23314,3991.21,6500,-9999
02/12/2016 23:45,UPNY CONED,23315,1745.06,5100,-9999
02/12/2016 23:45,WEST CENTRAL,23312,973.98,9999,-9999
02/12/2016 23:50,CENTRAL EAST - VC,23330,2199.39,2520,-9999
02/12/2016 23:50,DYSINGER EAST,23326,1438.79,3150,-9999
02/12/2016 23:50,MOSES SOUTH,23319,1132.62,3150,-1600
02/12/2016 23:50,SCH - HQ - NY,23324,879,1178,-1000
02/12/2016 23:50,SCH - HQ_CEDARS,325274,93,199,-100
02/12/2016 23:50,SCH - HQ_IMPORT_EXPORT,325376,620,1310,-9999
02/12/2016 23:50,SCH - NE - NY,23318,-651.43,1400,-1600
02/12/2016 23:50,SCH - NPX_1385,325277,0,200,-200
02/12/2016 23:50,SCH - NPX_CSC,325154,0,330,-330
02/12/2016 23:50,SCH - OH - NY,23317,1293.3,1900,-1900
02/12/2016 23:50,SCH - PJ - NY,23316,958.51,2600,-1300
02/12/2016 23:50,SCH - PJM_HTP,325905,0,0,0
02/12/2016 23:50,SCH - PJM_NEPTUNE,325305,660,660,-660
02/12/2016 23:50,SCH - PJM_VFT,325658,315,315,-315
02/12/2016 23:50,SPR/DUN-SOUTH,23320,2330.9,4600,-9999
02/12/2016 23:50,TOTAL EAST,23314,3947.14,6500,-9999
02/12/2016 23:50,UPNY CONED,23315,1836.32,5100,-9999
02/12/2016 23:50,WEST CENTRAL,23312,961.7,9999,-9999
02/12/2016 23:55,CENTRAL EAST - VC,23330,2182.63,2520,-9999
02/12/2016 23:55,DYSINGER EAST,23326,1417.18,3150,-9999
02/12/2016 23:55,MOSES SOUTH,23319,1157.39,3150,-1600
02/12/2016 23:55,SCH - HQ - NY,23324,879,1178,-1000
02/12/2016 23:55,SCH - HQ_CEDARS,325274,93,199,-100
02/12/2016 23:55,SCH - HQ_IMPORT_EXPORT,325376,620,1310,-9999
02/12/2016 23:55,SCH - NE - NY,23318,-651.66,1400,-1600
02/12/2016 23:55,SCH - NPX_1385,325277,0,200,-200
02/12/2016 23:55,SCH - NPX_CSC,325154,0,330,-330
02/12/2016 23:55,SCH - OH - NY,23317,1293.57,1900,-1900
02/12/2016 23:55,SCH - PJ - NY,23316,958.35,2600,-1300
02/12/2016 23:55,SCH - PJM_HTP,325905,0,0,0
02/12/2016 23:55,SCH - PJM_NEPTUNE,325305,660,660,-660
02/12/2016 23:55,SCH - PJM_VFT,325658,315,315,-315
02/12/2016 23:55,SPR/DUN-SOUTH,23320,2319.14,4600,-9999
02/12/2016 23:55,TOTAL EAST,23314,3961.48,6500,-9999
02/12/2016 23:55,UPNY CONED,23315,1839.87,5100,-9999
02/12/2016 23:55,WEST CENTRAL,23312,947.68,9999,-9999
