Timestamp,Interface Name,Point ID,Flow (MWH),Positive Limit (MWH),Negative Limit (MWH)
01/29/2017 00:00,CENTRAL EAST - VC,23330,1944.07,2050,-9999
01/29/2017 00:00,DYSINGER EAST,23326,1556.09,3150,-9999
01/29/2017 00:00,MOSES SOUTH,23319,1497.88,3150,-1600
01/29/2017 00:00,SCH - HQ - NY,23324,1338,1500,-1000
01/29/2017 00:00,SCH - HQ_CEDARS,325274,100,199,-100
01/29/2017 00:00,SCH - HQ_IMPORT_EXPORT,325376,1034,1310,-9999
01/29/2017 00:00,SCH - NE - NY,23318,-602.64,1400,-1600
01/29/2017 00:00,SCH - NPX_1385,325277,12,200,-200
01/29/2017 00:00,SCH - NPX_CSC,325154,0,330,-330
01/29/2017 00:00,SCH - OH - NY,23317,1197.43,1500,-1900
01/29/2017 00:00,SCH - PJ - NY,23316,313.49,2200,-1450
01/29/2017 00:00,SCH - PJM_HTP,325905,0,0,0
01/29/2017 00:00,SCH - PJM_NEPTUNE,325305,660,660,-660
01/29/2017 00:00,SCH - PJM_VFT,325658,315,315,-315
01/29/2017 00:00,SPR/DUN-SOUTH,23320,1802.54,4600,-9999
01/29/2017 00:00,TOTAL EAST,23314,3547.57,6500,-9999
01/29/2017 00:00,UPNY CONED,23315,1222.35,5100,-9999
01/29/2017 00:00,WEST CENTRAL,23312,1223.18,9999,-9999
01/29/2017 00:05,CENTRAL EAST - VC,23330,1945.28,2050,-9999
01/29/2017 00:05,DYSINGER EAST,23326,1489.26,3150,-9999
01/29/2017 00:05,MOSES SOUTH,23319,1452.18,3150,-1600
01/29/2017 00:05,SCH - HQ - NY,23324,1338,1500,-1000
01/29/2017 00:05,SCH - HQ_CEDARS,325274,100,199,-100
01/29/2017 00:05,SCH - HQ_IMPORT_EXPORT,325376,1034,1310,-9999
01/29/2017 00:05,SCH - NE - NY,23318,-623.56,1400,-1600
01/29/2017 00:05,SCH - NPX_1385,325277,0,200,-200
01/29/2017 00:05,SCH - NPX_CSC,325154,0,330,-330
01/29/2017 00:05,SCH - OH - NY,23317,1197.42,1500,-1900
01/29/2017 00:05,SCH - PJ - NY,23316,344,2200,-1450
01/29/2017 00:05,SCH - PJM_HTP,325905,0,0,0
01/29/2017 00:05,SCH - PJM_NEPTUNE,325305,660,660,-660
01/29/2017 00:05,SCH - PJM_VFT,325658,315,315,-315
01/29/2017 00:05,SPR/DUN-SOUTH,23320,1854.42,4600,-9999
01/29/2017 00:05,TOTAL EAST,23314,3423.43,6500,-9999
01/29/2017 00:05,UPNY CONED,23315,1254.8,5100,-9999
01/29/2017 00:05,WEST CENTRAL,23312,1163.66,9999,-9999
01/29/2017 00:10,CENTRAL EAST - VC,23330,1949.86,2050,-9999
01/29/2017 00:10,DYSINGER EAST,23326,1447.64,3150,-9999
01/29/2017 00:10,MOSES SOUTH,23319,1469.84,3150,-1600
01/29/2017 00:10,SCH - HQ - NY,23324,1338,1500,-1000
01/29/2017 00:10,SCH - HQ_CEDARS,325274,100,199,-100
01/29/2017 00:10,SCH - HQ_IMPORT_EXPORT,325376,1034,1310,-9999
01/29/2017 00:10,SCH - NE - NY,23318,-623.55,1400,-1600
01/29/2017 00:10,SCH - NPX_1385,325277,0,200,-200
01/29/2017 00:10,SCH - NPX_CSC,325154,0,330,-330
01/29/2017 00:10,SCH - OH - NY,23317,1197.36,1500,-1900
01/29/2017 00:10,SCH - PJ - NY,23316,345.66,2200,-1450
01/29/2017 00:10,SCH - PJM_HTP,325905,0,0,0
01/29/2017 00:10,SCH - PJM_NEPTUNE,325305,660,660,-660
01/29/2017 00:10,SCH - PJM_VFT,325658,315,315,-315
01/29/2017 00:10,SPR/DUN-SOUTH,23320,1828.87,4600,-9999
01/29/2017 00:10,TOTAL EAST,23314,3447.24,6500,-9999
01/29/2017 00:10,UPNY CONED,23315,1228.26,5100,-9999
01/29/2017 00:10,WEST CENTRAL,23312,1130.29,9999,-9999
01/29/2017 00:15,CENTRAL EAST - VC,23330,1887.14,1990,-9999
01/29/2017 00:15,DYSINGER EAST,23326,1413.12,3150,-9999
01/29/2017 00:15,MOSES SOUTH,23319,1421.82,3150,-1600
01/29/2017 00:15,SCH - HQ - NY,23324,1338,1500,-1000
01/29/2017 00:15,SCH - HQ_CEDARS,325274,100,199,-100
01/29/2017 00:15,SCH - HQ_IMPORT_EXPORT,325376,1034,1310,-9999
01/29/2017 00:15,SCH - NE - NY,23318,-646.59,1400,-1600
01/29/2017 00:15,SCH - NPX_1385,325277,0,200,-200
01/29/2017 00:15,SCH - NPX_CSC,325154,0,330,-330
01/29/2017 00:15,SCH - OH - NY,23317,1197.21,1500,-1900
01/29/2017 00:15,SCH - PJ - NY,23316,344.05,2200,-1450
01/29/2017 00:15,SCH - PJM_HTP,325905,0,0,0
01/29/2017 00:15,SCH - PJM_NEPTUNE,325305,660,660,-660
01/29/2017 00:15,SCH - PJM_VFT,325658,315,315,-315
01/29/2017 00:15,SPR/DUN-SOUTH,23320,1783.26,4600,-9999
01/29/2017 00:15,TOTAL EAST,23314,3388.56,6500,-9999
01/29/2017 00:15,UPNY CONED,23315,1161.92,5100,-9999
01/29/2017 00:15,WEST CENTRAL,23312,1098.6,9999,-9999
01/29/2017 00:20,CENTRAL EAST - VC,23330,1857.54,1960,-9999
01/29/2017 00:20,DYSINGER EAST,23326,1413,3150,-9999
01/29/2017 00:20,MOSES SOUTH,23319,1392.08,3150,-1600
01/29/2017 00:20,SCH - HQ - NY,23324,1338,1500,-1000
01/29/2017 00:20,SCH - HQ_CEDARS,325274,100,199,-100
01/29/2017 00:20,SCH - HQ_IMPORT_EXPORT,325376,1034,1310,-9999
01/29/2017 00:20,SCH - NE - NY,23318,-671.01,1400,-1600
01/29/2017 00:20,SCH - NPX_1385,325277,0,200,-200
01/29/2017 00:20,SCH - NPX_CSC,325154,0,330,-330
01/29/2017 00:20,SCH - OH - NY,23317,1197.46,1500,-1900
01/29/2017 00:20,SCH - PJ - NY,23316,345.7,2200,-1450
01/29/2017 00:20,SCH - PJM_HTP,325905,0,0,0
01/29/2017 00:20,SCH - PJM_NEPTUNE,325305,660,660,-660
01/29/2017 00:20,SCH - PJM_VFT,325658,315,315,-315
01/29/2017 00:20,SPR/DUN-SOUTH,23320,1731.98,4600,-9999
01/29/2017 00:20,TOTAL EAST,23314,3372.54,6500,-9999
01/29/2017 00:20,UPNY CONED,23315,1107.27,5100,-9999
01/29/2017 00:20,WEST CENTRAL,23312,1100.01,9999,-9999
01/29/2017 00:25,CENTRAL EAST - VC,23330,1859.43,1960,-9999
01/29/2017 00:25,DYSINGER EAST,23326,1398.49,3150,-9999
01/29/2017 00:25,MOSES SOUTH,23319,1381.13,3150,-1600
01/29/2017 00:25,SCH - HQ - NY,23324,1338,1500,-1000
01/29/2017 00:25,SCH - HQ_CEDARS,325274,100,199,-100
01/29/2017 00:25,SCH - HQ_IMPORT_EXPORT,325376,1034,1310,-9999
01/29/2017 00:25,SCH - NE - NY,23318,-671.01,1400,-1600
01/29/2017 00:25,SCH - NPX_1385,325277,0,200,-200
01/29/2017 00:25,SCH - NPX_CSC,325154,0,330,-330
01/29/2017 00:25,SCH - OH - NY,23317,1197.41,1500,-1900
01/29/2017 00:25,SCH - PJ - NY,23316,346.38,2200,-1450
01/29/2017 00:25,SCH - PJM_HTP,325905,0,0,0
01/29/2017 00:25,SCH - PJM_NEPTUNE,325305,660,660,-660
01/29/2017 00:25,SCH - PJM_VFT,325658,315,315,-315
01/29/2017 00:25,SPR/DUN-SOUTH,23320,1751.43,4600,-9999
01/29/2017 00:25,TOTAL EAST,23314,3336.28,6500,-9999
01/29/2017 00:25,UPNY CONED,23315,1110.95,5100,-9999
01/29/2017 00:25,WEST CENTRAL,23312,1087.24,9999,-9999
01/29/2017 00:30,CENTRAL EAST - VC,23330,1855.18,1960,-9999
01/29/2017 00:30,DYSINGER EAST,23326,1452.43,3150,-9999
01/29/2017 00:30,MOSES SOUTH,23319,1364.2,3150,-1600
01/29/2017 00:30,SCH - HQ - NY,23324,1338,1500,-1000
01/29/2017 00:30,SCH - HQ_CEDARS,325274,100,199,-100
01/29/2017 00:30,SCH - HQ_IMPORT_EXPORT,325376,1034,1310,-9999
01/29/2017 00:30,SCH - NE - NY,23318,-754.97,1400,-1600
01/29/2017 00:30,SCH - NPX_1385,325277,0,200,-200
01/29/2017 00:30,SCH - NPX_CSC,325154,0,330,-330
01/29/2017 00:30,SCH - OH - NY,23317,1197.37,1500,-1900
01/29/2017 00:30,SCH - PJ - NY,23316,344.89,2200,-1450
01/29/2017 00:30,SCH - PJM_HTP,325905,0,0,0
01/29/2017 00:30,SCH - PJM_NEPTUNE,325305,660,660,-660
01/29/2017 00:30,SCH - PJM_VFT,325658,315,315,-315
01/29/2017 00:30,SPR/DUN-SOUTH,23320,1699.64,4600,-9999
01/29/2017 00:30,TOTAL EAST,23314,3398.69,6500,-9999
01/29/2017 00:30,UPNY CONED,23315,1050.69,5100,-9999
01/29/2017 00:30,WEST CENTRAL,23312,1139.83,9999,-9999
01/29/2017 00:35,CENTRAL EAST - VC,23330,1853.91,1960,-9999
01/29/2017 00:35,DYSINGER EAST,23326,1426.09,3150,-9999
01/29/2017 00:35,MOSES SOUTH,23319,1350.33,3150,-1600
01/29/2017 00:35,SCH - HQ - NY,23324,1338,1500,-1000
01/29/2017 00:35,SCH - HQ_CEDARS,325274,100,199,-100
01/29/2017 00:35,SCH - HQ_IMPORT_EXPORT,325376,1034,1310,-9999
01/29/2017 00:35,SCH - NE - NY,23318,-838.91,1400,-1600
01/29/2017 00:35,SCH - NPX_1385,325277,0,200,-200
01/29/2017 00:35,SCH - NPX_CSC,325154,0,330,-330
01/29/2017 00:35,SCH - OH - NY,23317,1197.49,1500,-1900
01/29/2017 00:35,SCH - PJ - NY,23316,342.52,2200,-1450
01/29/2017 00:35,SCH - PJM_HTP,325905,0,0,0
01/29/2017 00:35,SCH - PJM_NEPTUNE,325305,660,660,-660
01/29/2017 00:35,SCH - PJM_VFT,325658,315,315,-315
01/29/2017 00:35,SPR/DUN-SOUTH,23320,1654.15,4600,-9999
01/29/2017 00:35,TOTAL EAST,23314,3376.71,6500,-9999
01/29/2017 00:35,UPNY CONED,23315,987.28,5100,-9999
01/29/2017 00:35,WEST CENTRAL,23312,1117.96,9999,-9999
01/29/2017 00:40,CENTRAL EAST - VC,23330,1859.96,1960,-9999
01/29/2017 00:40,DYSINGER EAST,23326,1457.42,3150,-9999
01/29/2017 00:40,MOSES SOUTH,23319,1361.13,3150,-1600
01/29/2017 00:40,SCH - HQ - NY,23324,1338,1500,-1000
01/29/2017 00:40,SCH - HQ_CEDARS,325274,100,199,-100
01/29/2017 00:40,SCH - HQ_IMPORT_EXPORT,325376,1034,1310,-9999
01/29/2017 00:40,SCH - NE - NY,23318,-838.92,1400,-1600
01/29/2017 00:40,SCH - NPX_1385,325277,0,200,-200
01/29/2017 00:40,SCH - NPX_CSC,325154,0,330,-330
01/29/2017 00:40,SCH - OH - NY,23317,1197.34,1500,-1900
01/29/2017 00:40,SCH - PJ - NY,23316,345.03,2200,-1450
01/29/2017 00:40,SCH - PJM_HTP,325905,0,0,0
01/29/2017 00:40,SCH - PJM_NEPTUNE,325305,660,660,-660
01/29/2017 00:40,SCH - PJM_VFT,325658,315,315,-315
01/29/2017 00:40,SPR/DUN-SOUTH,23320,1659.95,4600,-9999
01/29/2017 00:40,TOTAL EAST,23314,3445.02,6500,-9999
01/29/2017 00:40,UPNY CONED,23315,998.64,5100,-9999
01/29/2017 00:40,WEST CENTRAL,23312,1155.24,9999,-9999
01/29/2017 00:45,CENTRAL EAST - VC,23330,1860.76,1960,-9999
01/29/2017 00:45,DYSINGER EAST,23326,1416,3150,-9999
01/29/2017 00:45,MOSES SOUTH,23319,1360.03,3150,-1600
01/29/2017 00:45,SCH - HQ - NY,23324,1338,1500,-1000
01/29/2017 00:45,SCH - HQ_CEDARS,325274,100,199,-100
01/29/2017 00:45,SCH - HQ_IMPORT_EXPORT,325376,1034,1310,-9999
01/29/2017 00:45,SCH - NE - NY,23318,-786.97,1400,-1600
01/29/2017 00:45,SCH - NPX_1385,325277,0,200,-200
01/29/2017 00:45,SCH - NPX_CSC,325154,0,330,-330
01/29/2017 00:45,SCH - OH - NY,23317,1197.37,1500,-1900
01/29/2017 00:45,SCH - PJ - NY,23316,344.34,2200,-1450
01/29/2017 00:45,SCH - PJM_HTP,325905,0,0,0
01/29/2017 00:45,SCH - PJM_NEPTUNE,325305,660,660,-660
01/29/2017 00:45,SCH - PJM_VFT,325658,315,315,-315
01/29/2017 00:45,SPR/DUN-SOUTH,23320,1710.08,4600,-9999
01/29/2017 00:45,TOTAL EAST,23314,3366.12,6500,-9999
01/29/2017 00:45,UPNY CONED,23315,1025.61,5100,-9999
01/29/2017 00:45,WEST CENTRAL,23312,1117.52,9999,-9999
01/29/2017 00:50,CENTRAL EAST - VC,23330,1860.17,1960,-9999
01/29/2017 00:50,DYSINGER EAST,23326,1405.16,3150,-9999
01/29/2017 00:50,MOSES SOUTH,23319,1366.61,3150,-1600
01/29/2017 00:50,SCH - HQ - NY,23324,1338,1500,-1000
01/29/2017 00:50,SCH - HQ_CEDARS,325274,100,199,-100
01/29/2017 00:50,SCH - HQ_IMPORT_EXPORT,325376,1034,1310,-9999
01/29/2017 00:50,SCH - NE - NY,23318,-736,1400,-1600
01/29/2017 00:50,SCH - NPX_1385,325277,0,200,-200
01/29/2017 00:50,SCH - NPX_CSC,325154,0,330,-330
01/29/2017 00:50,SCH - OH - NY,23317,1197.22,1500,-1900
01/29/2017 00:50,SCH - PJ - NY,23316,343.62,2200,-1450
01/29/2017 00:50,SCH - PJM_HTP,325905,0,0,0
01/29/2017 00:50,SCH - PJM_NEPTUNE,325305,660,660,-660
01/29/2017 00:50,SCH - PJM_VFT,325658,315,315,-315
01/29/2017 00:50,SPR/DUN-SOUTH,23320,1712.16,4600,-9999
01/29/2017 00:50,TOTAL EAST,23314,3338.53,6500,-9999
01/29/2017 00:50,UPNY CONED,23315,1016.55,5100,-9999
01/29/2017 00:50,WEST CENTRAL,23312,1113.35,9999,-9999
01/29/2017 00:55,CENTRAL EAST - VC,23330,1857.67,1960,-9999
01/29/2017 00:55,DYSINGER EAST,23326,1327.74,3150,-9999
01/29/2017 00:55,MOSES SOUTH,23319,1412.71,3150,-1600
01/29/2017 00:55,SCH - HQ - NY,23324,1338,1500,-1000
01/29/2017 00:55,SCH - HQ_CEDARS,325274,100,199,-100
01/29/2017 00:55,SCH - HQ_IMPORT_EXPORT,325376,1034,1310,-9999
01/29/2017 00:55,SCH - NE - NY,23318,-736,1400,-1600
01/29/2017 00:55,SCH - NPX_1385,325277,0,200,-200
01/29/2017 00:55,SCH - NPX_CSC,325154,0,330,-330
01/29/2017 00:55,SCH - OH - NY,23317,1197.69,1500,-1900
01/29/2017 00:55,SCH - PJ - NY,23316,344.53,2200,-1450
01/29/2017 00:55,SCH - PJM_HTP,325905,0,0,0
01/29/2017 00:55,SCH - PJM_NEPTUNE,325305,660,660,-660
01/29/2017 00:55,SCH - PJM_VFT,325658,315,315,-315
01/29/2017 00:55,SPR/DUN-SOUTH,23320,1684.58,4600,-9999
01/29/2017 00:55,TOTAL EAST,23314,3353.27,6500,-9999
01/29/2017 00:55,UPNY CONED,23315,972.46,5100,-9999
01/29/2017 00:55,WEST CENTRAL,23312,1041.79,9999,-9999
01/29/2017 01:00,CENTRAL EAST - VC,23330,1859.96,1960,-9999
01/29/2017 01:00,DYSINGER EAST,23326,1359.3,3150,-9999
01/29/2017 01:00,MOSES SOUTH,23319,1424.91,3150,-1600
01/29/2017 01:00,SCH - HQ - NY,23324,1331,1500,-1000
01/29/2017 01:00,SCH - HQ_CEDARS,325274,149,199,-100
01/29/2017 01:00,SCH - HQ_IMPORT_EXPORT,325376,1027,1310,-9999
01/29/2017 01:00,SCH - NE - NY,23318,-775.97,1400,-1600
01/29/2017 01:00,SCH - NPX_1385,325277,0,200,-200
01/29/2017 01:00,SCH - NPX_CSC,325154,0,330,-330
01/29/2017 01:00,SCH - OH - NY,23317,1197.22,1500,-1900
01/29/2017 01:00,SCH - PJ - NY,23316,234.14,2200,-1450
01/29/2017 01:00,SCH - PJM_HTP,325905,0,0,0
01/29/2017 01:00,SCH - PJM_NEPTUNE,325305,660,660,-660
01/29/2017 01:00,SCH - PJM_VFT,325658,315,315,-315
01/29/2017 01:00,SPR/DUN-SOUTH,23320,1671.98,4600,-9999
01/29/2017 01:00,TOTAL EAST,23314,3255.46,6500,-9999
01/29/2017 01:00,UPNY CONED,23315,938.56,5100,-9999
01/29/2017 01:00,WEST CENTRAL,23312,1073.4,9999,-9999
01/29/2017 01:05,CENTRAL EAST - VC,23330,1861.23,1960,-9999
01/29/2017 01:05,DYSINGER EAST,23326,1407.55,3150,-9999
01/29/2017 01:05,MOSES SOUTH,23319,1473.78,3150,-1600
01/29/2017 01:05,SCH - HQ - NY,23324,1324,1500,-1000
01/29/2017 01:05,SCH - HQ_CEDARS,325274,199,199,-100
01/29/2017 01:05,SCH - HQ_IMPORT_EXPORT,325376,1020,1310,-9999
01/29/2017 01:05,SCH - NE - NY,23318,-816.94,1400,-1600
01/29/2017 01:05,SCH - NPX_1385,325277,0,200,-200
01/29/2017 01:05,SCH - NPX_CSC,325154,0,330,-330
01/29/2017 01:05,SCH - OH - NY,23317,1196.99,1500,-1900
01/29/2017 01:05,SCH - PJ - NY,23316,122.51,2200,-1450
01/29/2017 01:05,SCH - PJM_HTP,325905,0,0,0
01/29/2017 01:05,SCH - PJM_NEPTUNE,325305,660,660,-660
01/29/2017 01:05,SCH - PJM_VFT,325658,315,315,-315
01/29/2017 01:05,SPR/DUN-SOUTH,23320,1639.09,4600,-9999
01/29/2017 01:05,TOTAL EAST,23314,3233.65,6500,-9999
01/29/2017 01:05,UPNY CONED,23315,911.88,5100,-9999
01/29/2017 01:05,WEST CENTRAL,23312,1118.57,9999,-9999
01/29/2017 01:10,CENTRAL EAST - VC,23330,1858.09,1960,-9999
01/29/2017 01:10,DYSINGER EAST,23326,1385.7,3150,-9999
01/29/2017 01:10,MOSES SOUTH,23319,1461.63,3150,-1600
01/29/2017 01:10,SCH - HQ - NY,23324,1324,1500,-1000
01/29/2017 01:10,SCH - HQ_CEDARS,325274,199,199,-100
01/29/2017 01:10,SCH - HQ_IMPORT_EXPORT,325376,1020,1310,-9999
01/29/2017 01:10,SCH - NE - NY,23318,-816.92,1400,-1600
01/29/2017 01:10,SCH - NPX_1385,325277,0,200,-200
01/29/2017 01:10,SCH - NPX_CSC,325154,0,330,-330
01/29/2017 01:10,SCH - OH - NY,23317,1197.02,1500,-1900
01/29/2017 01:10,SCH - PJ - NY,23316,124.84,2200,-1450
01/29/2017 01:10,SCH - PJM_HTP,325905,0,0,0
01/29/2017 01:10,SCH - PJM_NEPTUNE,325305,660,660,-660
01/29/2017 01:10,SCH - PJM_VFT,325658,315,315,-315
01/29/2017 01:10,SPR/DUN-SOUTH,23320,1684.46,4600,-9999
01/29/2017 01:10,TOTAL EAST,23314,3173.73,6500,-9999
01/29/2017 01:10,UPNY CONED,23315,942.2,5100,-9999
01/29/2017 01:10,WEST CENTRAL,23312,1100.64,9999,-9999
01/29/2017 01:15,CENTRAL EAST - VC,23330,1859.93,1960,-9999
01/29/2017 01:15,DYSINGER EAST,23326,1461.81,3150,-9999
01/29/2017 01:15,MOSES SOUTH,23319,1441.1,3150,-1600
01/29/2017 01:15,SCH - HQ - NY,23324,1324,1500,-1000
01/29/2017 01:15,SCH - HQ_CEDARS,325274,199,199,-100
01/29/2017 01:15,SCH - HQ_IMPORT_EXPORT,325376,1020,1310,-9999
01/29/2017 01:15,SCH - NE - NY,23318,-778.96,1400,-1600
01/29/2017 01:15,SCH - NPX_1385,325277,0,200,-200
01/29/2017 01:15,SCH - NPX_CSC,325154,0,330,-330
01/29/2017 01:15,SCH - OH - NY,23317,1197.14,1500,-1900
01/29/2017 01:15,SCH - PJ - NY,23316,123.47,2200,-1450
01/29/2017 01:15,SCH - PJM_HTP,325905,0,0,0
01/29/2017 01:15,SCH - PJM_NEPTUNE,325305,660,660,-660
01/29/2017 01:15,SCH - PJM_VFT,325658,315,315,-315
01/29/2017 01:15,SPR/DUN-SOUTH,23320,1570.1,4600,-9999
01/29/2017 01:15,TOTAL EAST,23314,3308.88,6500,-9999
01/29/2017 01:15,UPNY CONED,23315,801.05,5100,-9999
01/29/2017 01:15,WEST CENTRAL,23312,1175.68,9999,-9999
01/29/2017 01:20,CENTRAL EAST - VC,23330,1860,1960,-9999
01/29/2017 01:20,DYSINGER EAST,23326,1420.84,3150,-9999
01/29/2017 01:20,MOSES SOUTH,23319,1452.47,3150,-1600
01/29/2017 01:20,SCH - HQ - NY,23324,1324,1500,-1000
01/29/2017 01:20,SCH - HQ_CEDARS,325274,199,199,-100
01/29/2017 01:20,SCH - HQ_IMPORT_EXPORT,325376,1020,1310,-9999
01/29/2017 01:20,SCH - NE - NY,23318,-740.97,1400,-1600
01/29/2017 01:20,SCH - NPX_1385,325277,0,200,-200
01/29/2017 01:20,SCH - NPX_CSC,325154,0,330,-330
01/29/2017 01:20,SCH - OH - NY,23317,1197.14,1500,-1900
01/29/2017 01:20,SCH - PJ - NY,23316,122.87,2200,-1450
01/29/2017 01:20,SCH - PJM_HTP,325905,0,0,0
01/29/2017 01:20,SCH - PJM_NEPTUNE,325305,660,660,-660
01/29/2017 01:20,SCH - PJM_VFT,325658,315,315,-315
01/29/2017 01:20,SPR/DUN-SOUTH,23320,1587.53,4600,-9999
01/29/2017 01:20,TOTAL EAST,23314,3200.97,6500,-9999
01/29/2017 01:20,UPNY CONED,23315,811.36,5100,-9999
01/29/2017 01:20,WEST CENTRAL,23312,1138.48,9999,-9999
01/29/2017 01:25,CENTRAL EAST - VC,23330,1859.89,1960,-9999
01/29/2017 01:25,DYSINGER EAST,23326,1443.85,3150,-9999
01/29/2017 01:25,MOSES SOUTH,23319,1466.88,3150,-1600
01/29/2017 01:25,SCH - HQ - NY,23324,1324,1500,-1000
01/29/2017 01:25,SCH - HQ_CEDARS,325274,199,199,-100
01/29/2017 01:25,SCH - HQ_IMPORT_EXPORT,325376,1020,1310,-9999
01/29/2017 01:25,SCH - NE - NY,23318,-740.97,1400,-1600
01/29/2017 01:25,SCH - NPX_1385,325277,0,200,-200
01/29/2017 01:25,SCH - NPX_CSC,325154,0,330,-330
01/29/2017 01:25,SCH - OH - NY,23317,1196.93,1500,-1900
01/29/2017 01:25,SCH - PJ - NY,23316,123.88,2200,-1450
01/29/2017 01:25,SCH - PJM_HTP,325905,0,0,0
01/29/2017 01:25,SCH - PJM_NEPTUNE,325305,660,660,-660
01/29/2017 01:25,SCH - PJM_VFT,325658,315,315,-315
01/29/2017 01:25,SPR/DUN-SOUTH,23320,1600.64,4600,-9999
01/29/2017 01:25,TOTAL EAST,23314,3222.71,6500,-9999
01/29/2017 01:25,UPNY CONED,23315,822.24,5100,-9999
01/29/2017 01:25,WEST CENTRAL,23312,1164.12,9999,-9999
01/29/2017 01:30,CENTRAL EAST - VC,23330,1853.89,1960,-9999
01/29/2017 01:30,DYSINGER EAST,23326,1367.61,3150,-9999
01/29/2017 01:30,MOSES SOUTH,23319,1461.21,3150,-1600
01/29/2017 01:30,SCH - HQ - NY,23324,1324,1500,-1000
01/29/2017 01:30,SCH - HQ_CEDARS,325274,199,199,-100
01/29/2017 01:30,SCH - HQ_IMPORT_EXPORT,325376,1020,1310,-9999
01/29/2017 01:30,SCH - NE - NY,23318,-739.97,1400,-1600
01/29/2017 01:30,SCH - NPX_1385,325277,0,200,-200
01/29/2017 01:30,SCH - NPX_CSC,325154,0,330,-330
01/29/2017 01:30,SCH - OH - NY,23317,1196.84,1500,-1900
01/29/2017 01:30,SCH - PJ - NY,23316,161.94,2200,-1450
01/29/2017 01:30,SCH - PJM_HTP,325905,0,0,0
01/29/2017 01:30,SCH - PJM_NEPTUNE,325305,660,660,-660
01/29/2017 01:30,SCH - PJM_VFT,325658,315,315,-315
01/29/2017 01:30,SPR/DUN-SOUTH,23320,1563.19,4600,-9999
01/29/2017 01:30,TOTAL EAST,23314,3101,6500,-9999
01/29/2017 01:30,UPNY CONED,23315,768.48,5100,-9999
01/29/2017 01:30,WEST CENTRAL,23312,1093.13,9999,-9999
01/29/2017 01:35,CENTRAL EAST - VC,23330,1852.77,1960,-9999
01/29/2017 01:35,DYSINGER EAST,23326,1255.04,3150,-9999
01/29/2017 01:35,MOSES SOUTH,23319,1489.6,3150,-1600
01/29/2017 01:35,SCH - HQ - NY,23324,1324,1500,-1000
01/29/2017 01:35,SCH - HQ_CEDARS,325274,199,199,-100
01/29/2017 01:35,SCH - HQ_IMPORT_EXPORT,325376,1020,1310,-9999
01/29/2017 01:35,SCH - NE - NY,23318,-738.96,1400,-1600
01/29/2017 01:35,SCH - NPX_1385,325277,0,200,-200
01/29/2017 01:35,SCH - NPX_CSC,325154,0,330,-330
01/29/2017 01:35,SCH - OH - NY,23317,1196.9,1500,-1900
01/29/2017 01:35,SCH - PJ - NY,23316,197.88,2200,-1450
01/29/2017 01:35,SCH - PJM_HTP,325905,0,0,0
01/29/2017 01:35,SCH - PJM_NEPTUNE,325305,660,660,-660
01/29/2017 01:35,SCH - PJM_VFT,325658,315,315,-315
01/29/2017 01:35,SPR/DUN-SOUTH,23320,1569.47,4600,-9999
01/29/2017 01:35,TOTAL EAST,23314,3059.08,6500,-9999
01/29/2017 01:35,UPNY CONED,23315,761.57,5100,-9999
01/29/2017 01:35,WEST CENTRAL,23312,986.44,9999,-9999
01/29/2017 01:40,CENTRAL EAST - VC,23330,1859.37,1960,-9999
01/29/2017 01:40,DYSINGER EAST,23326,1242.41,3150,-9999
01/29/2017 01:40,MOSES SOUTH,23319,1504.79,3150,-1600
01/29/2017 01:40,SCH - HQ - NY,23324,1324,1500,-1000
01/29/2017 01:40,SCH - HQ_CEDARS,325274,199,199,-100
01/29/2017 01:40,SCH - HQ_IMPORT_EXPORT,325376,1020,1310,-9999
01/29/2017 01:40,SCH - NE - NY,23318,-738.96,1400,-1600
01/29/2017 01:40,SCH - NPX_1385,325277,0,200,-200
01/29/2017 01:40,SCH - NPX_CSC,325154,0,330,-330
01/29/2017 01:40,SCH - OH - NY,23317,1196.83,1500,-1900
01/29/2017 01:40,SCH - PJ - NY,23316,196.86,2200,-1450
01/29/2017 01:40,SCH - PJM_HTP,325905,0,0,0
01/29/2017 01:40,SCH - PJM_NEPTUNE,325305,660,660,-660
01/29/2017 01:40,SCH - PJM_VFT,325658,315,315,-315
01/29/2017 01:40,SPR/DUN-SOUTH,23320,1517.87,4600,-9999
01/29/2017 01:40,TOTAL EAST,23314,3055.96,6500,-9999
01/29/2017 01:40,UPNY CONED,23315,702.45,5100,-9999
01/29/2017 01:40,WEST CENTRAL,23312,972.88,9999,-9999
01/29/2017 01:45,CENTRAL EAST - VC,23330,1859.52,1960,-9999
01/29/2017 01:45,DYSINGER EAST,23326,1364.54,3150,-9999
01/29/2017 01:45,MOSES SOUTH,23319,1473.75,3150,-1600
01/29/2017 01:45,SCH - HQ - NY,23324,1324,1500,-1000
01/29/2017 01:45,SCH - HQ_CEDARS,325274,199,199,-100
01/29/2017 01:45,SCH - HQ_IMPORT_EXPORT,325376,1020,1310,-9999
01/29/2017 01:45,SCH - NE - NY,23318,-770.95,1400,-1600
01/29/2017 01:45,SCH - NPX_1385,325277,0,200,-200
01/29/2017 01:45,SCH - NPX_CSC,325154,0,330,-330
01/29/2017 01:45,SCH - OH - NY,23317,1196.57,1500,-1900
01/29/2017 01:45,SCH - PJ - NY,23316,198.36,2200,-1450
01/29/2017 01:45,SCH - PJM_HTP,325905,0,0,0
01/29/2017 01:45,SCH - PJM_NEPTUNE,325305,660,660,-660
01/29/2017 01:45,SCH - PJM_VFT,325658,315,315,-315
01/29/2017 01:45,SPR/DUN-SOUTH,23320,1520.42,4600,-9999
01/29/2017 01:45,TOTAL EAST,23314,3150.38,6500,-9999
01/29/2017 01:45,UPNY CONED,23315,705.12,5100,-9999
01/29/2017 01:45,WEST CENTRAL,23312,1088.55,9999,-9999
01/29/2017 01:50,CENTRAL EAST - VC,23330,1858.74,1960,-9999
01/29/2017 01:50,DYSINGER EAST,23326,1451.72,3150,-9999
01/29/2017 01:50,MOSES SOUTH,23319,1452.4,3150,-1600
01/29/2017 01:50,SCH - HQ - NY,23324,1324,1500,-1000
01/29/2017 01:50,SCH - HQ_CEDARS,325274,199,199,-100
01/29/2017 01:50,SCH - HQ_IMPORT_EXPORT,325376,1020,1310,-9999
01/29/2017 01:50,SCH - NE - NY,23318,-802.94,1400,-1600
01/29/2017 01:50,SCH - NPX_1385,325277,0,200,-200
01/29/2017 01:50,SCH - NPX_CSC,325154,0,330,-330
01/29/2017 01:50,SCH - OH - NY,23317,1196.33,1500,-1900
01/29/2017 01:50,SCH - PJ - NY,23316,199.9,2200,-1450
01/29/2017 01:50,SCH - PJM_HTP,325905,0,0,0
01/29/2017 01:50,SCH - PJM_NEPTUNE,325305,660,660,-660
01/29/2017 01:50,SCH - PJM_VFT,325658,315,315,-315
01/29/2017 01:50,SPR/DUN-SOUTH,23320,1413.99,4600,-9999
01/29/2017 01:50,TOTAL EAST,23314,3260.3,6500,-9999
01/29/2017 01:50,UPNY CONED,23315,620.83,5100,-9999
01/29/2017 01:50,WEST CENTRAL,23312,1171.77,9999,-9999
01/29/2017 01:55,CENTRAL EAST - VC,23330,1859.27,1960,-9999
01/29/2017 01:55,DYSINGER EAST,23326,1391.71,3150,-9999
01/29/2017 01:55,MOSES SOUTH,23319,1435.05,3150,-1600
01/29/2017 01:55,SCH - HQ - NY,23324,1324,1500,-1000
01/29/2017 01:55,SCH - HQ_CEDARS,325274,199,199,-100
01/29/2017 01:55,SCH - HQ_IMPORT_EXPORT,325376,1020,1310,-9999
01/29/2017 01:55,SCH - NE - NY,23318,-802.92,1400,-1600
01/29/2017 01:55,SCH - NPX_1385,325277,0,200,-200
01/29/2017 01:55,SCH - NPX_CSC,325154,0,330,-330
01/29/2017 01:55,SCH - OH - NY,23317,1196.42,1500,-1900
01/29/2017 01:55,SCH - PJ - NY,23316,198.59,2200,-1450
01/29/2017 01:55,SCH - PJM_HTP,325905,0,0,0
01/29/2017 01:55,SCH - PJM_NEPTUNE,325305,660,660,-660
01/29/2017 01:55,SCH - PJM_VFT,325658,315,315,-315
01/29/2017 01:55,SPR/DUN-SOUTH,23320,1428.25,4600,-9999
01/29/2017 01:55,TOTAL EAST,23314,3206.93,6500,-9999
01/29/2017 01:55,UPNY CONED,23315,613.7,5100,-9999
01/29/2017 01:55,WEST CENTRAL,23312,1121.3,9999,-9999
01/29/2017 02:00,CENTRAL EAST - VC,23330,1859.79,1960,-9999
01/29/2017 02:00,DYSINGER EAST,23326,1374.51,3150,-9999
01/29/2017 02:00,MOSES SOUTH,23319,1420.49,3150,-1600
01/29/2017 02:00,SCH - HQ - NY,23324,1282,1500,-1000
01/29/2017 02:00,SCH - HQ_CEDARS,325274,199,199,-100
01/29/2017 02:00,SCH - HQ_IMPORT_EXPORT,325376,978,1310,-9999
01/29/2017 02:00,SCH - NE - NY,23318,-702.99,1400,-1600
01/29/2017 02:00,SCH - NPX_1385,325277,0,200,-200
01/29/2017 02:00,SCH - NPX_CSC,325154,0,330,-330
01/29/2017 02:00,SCH - OH - NY,23317,1196.55,1500,-1900
01/29/2017 02:00,SCH - PJ - NY,23316,198.89,2200,-1450
01/29/2017 02:00,SCH - PJM_HTP,325905,0,0,0
01/29/2017 02:00,SCH - PJM_NEPTUNE,325305,660,660,-660
01/29/2017 02:00,SCH - PJM_VFT,325658,315,315,-315
01/29/2017 02:00,SPR/DUN-SOUTH,23320,1333.28,4600,-9999
01/29/2017 02:00,TOTAL EAST,23314,3218.72,6500,-9999
01/29/2017 02:00,UPNY CONED,23315,478.55,5100,-9999
01/29/2017 02:00,WEST CENTRAL,23312,1112.34,9999,-9999
01/29/2017 02:05,CENTRAL EAST - VC,23330,1860.19,1960,-9999
01/29/2017 02:05,DYSINGER EAST,23326,1414.31,3150,-9999
01/29/2017 02:05,MOSES SOUTH,23319,1424.09,3150,-1600
01/29/2017 02:05,SCH - HQ - NY,23324,1241,1500,-1000
01/29/2017 02:05,SCH - HQ_CEDARS,325274,199,199,-100
01/29/2017 02:05,SCH - HQ_IMPORT_EXPORT,325376,937,1310,-9999
01/29/2017 02:05,SCH - NE - NY,23318,-603.06,1400,-1600
01/29/2017 02:05,SCH - NPX_1385,325277,0,200,-200
01/29/2017 02:05,SCH - NPX_CSC,325154,0,330,-330
01/29/2017 02:05,SCH - OH - NY,23317,1196.83,1500,-1900
01/29/2017 02:05,SCH - PJ - NY,23316,199.66,2200,-1450
01/29/2017 02:05,SCH - PJM_HTP,325905,0,0,0
01/29/2017 02:05,SCH - PJM_NEPTUNE,325305,660,660,-660
01/29/2017 02:05,SCH - PJM_VFT,325658,315,315,-315
01/29/2017 02:05,SPR/DUN-SOUTH,23320,1427.27,4600,-9999
01/29/2017 02:05,TOTAL EAST,23314,3245.16,6500,-9999
01/29/2017 02:05,UPNY CONED,23315,581.3,5100,-9999
01/29/2017 02:05,WEST CENTRAL,23312,1150.61,9999,-9999
01/29/2017 02:10,CENTRAL EAST - VC,23330,1860.27,1960,-9999
01/29/2017 02:10,DYSINGER EAST,23326,1435.8,3150,-9999
01/29/2017 02:10,MOSES SOUTH,23319,1417.3,3150,-1600
01/29/2017 02:10,SCH - HQ - NY,23324,1241,1500,-1000
01/29/2017 02:10,SCH - HQ_CEDARS,325274,199,199,-100
01/29/2017 02:10,SCH - HQ_IMPORT_EXPORT,325376,937,1310,-9999
01/29/2017 02:10,SCH - NE - NY,23318,-603.07,1400,-1600
01/29/2017 02:10,SCH - NPX_1385,325277,0,200,-200
01/29/2017 02:10,SCH - NPX_CSC,325154,0,330,-330
01/29/2017 02:10,SCH - OH - NY,23317,1196.73,1500,-1900
01/29/2017 02:10,SCH - PJ - NY,23316,198.51,2200,-1450
01/29/2017 02:10,SCH - PJM_HTP,325905,0,0,0
01/29/2017 02:10,SCH - PJM_NEPTUNE,325305,660,660,-660
01/29/2017 02:10,SCH - PJM_VFT,325658,315,315,-315
01/29/2017 02:10,SPR/DUN-SOUTH,23320,1440.02,4600,-9999
01/29/2017 02:10,TOTAL EAST,23314,3240.99,6500,-9999
01/29/2017 02:10,UPNY CONED,23315,580.42,5100,-9999
01/29/2017 02:10,WEST CENTRAL,23312,1174.52,9999,-9999
01/29/2017 02:15,CENTRAL EAST - VC,23330,1857.29,1960,-9999
01/29/2017 02:15,DYSINGER EAST,23326,1427.68,3150,-9999
01/29/2017 02:15,MOSES SOUTH,23319,1446.28,3150,-1600
01/29/2017 02:15,SCH - HQ - NY,23324,1241,1500,-1000
01/29/2017 02:15,SCH - HQ_CEDARS,325274,199,199,-100
01/29/2017 02:15,SCH - HQ_IMPORT_EXPORT,325376,937,1310,-9999
01/29/2017 02:15,SCH - NE - NY,23318,-646.03,1400,-1600
01/29/2017 02:15,SCH - NPX_1385,325277,0,200,-200
01/29/2017 02:15,SCH - NPX_CSC,325154,0,330,-330
01/29/2017 02:15,SCH - OH - NY,23317,1197.09,1500,-1900
01/29/2017 02:15,SCH - PJ - NY,23316,197.86,2200,-1450
01/29/2017 02:15,SCH - PJM_HTP,325905,0,0,0
01/29/2017 02:15,SCH - PJM_NEPTUNE,325305,660,660,-660
01/29/2017 02:15,SCH - PJM_VFT,325658,315,315,-315
01/29/2017 02:15,SPR/DUN-SOUTH,23320,1376.21,4600,-9999
01/29/2017 02:15,TOTAL EAST,23314,3313.14,6500,-9999
01/29/2017 02:15,UPNY CONED,23315,523.45,5100,-9999
01/29/2017 02:15,WEST CENTRAL,23312,1167.43,9999,-9999
01/29/2017 02:20,CENTRAL EAST - VC,23330,1856.15,1960,-9999
01/29/2017 02:20,DYSINGER EAST,23326,1381.53,3150,-9999
01/29/2017 02:20,MOSES SOUTH,23319,1438.61,3150,-1600
01/29/2017 02:20,SCH - HQ - NY,23324,1241,1500,-1000
01/29/2017 02:20,SCH - HQ_CEDARS,325274,199,199,-100
01/29/2017 02:20,SCH - HQ_IMPORT_EXPORT,325376,937,1310,-9999
01/29/2017 02:20,SCH - NE - NY,23318,-689.99,1400,-1600
01/29/2017 02:20,SCH - NPX_1385,325277,0,200,-200
01/29/2017 02:20,SCH - NPX_CSC,325154,0,330,-330
01/29/2017 02:20,SCH - OH - NY,23317,1197.01,1500,-1900
01/29/2017 02:20,SCH - PJ - NY,23316,198.69,2200,-1450
01/29/2017 02:20,SCH - PJM_HTP,325905,0,0,0
01/29/2017 02:20,SCH - PJM_NEPTUNE,325305,660,660,-660
01/29/2017 02:20,SCH - PJM_VFT,325658,315,315,-315
01/29/2017 02:20,SPR/DUN-SOUTH,23320,1352.59,4600,-9999
01/29/2017 02:20,TOTAL EAST,23314,3268.55,6500,-9999
01/29/2017 02:20,UPNY CONED,23315,480.31,5100,-9999
01/29/2017 02:20,WEST CENTRAL,23312,1123.53,9999,-9999
01/29/2017 02:25,CENTRAL EAST - VC,23330,1859.37,1960,-9999
01/29/2017 02:25,DYSINGER EAST,23326,1345.53,3150,-9999
01/29/2017 02:25,MOSES SOUTH,23319,1438.97,3150,-1600
01/29/2017 02:25,SCH - HQ - NY,23324,1241,1500,-1000
01/29/2017 02:25,SCH - HQ_CEDARS,325274,199,199,-100
01/29/2017 02:25,SCH - HQ_IMPORT_EXPORT,325376,937,1310,-9999
01/29/2017 02:25,SCH - NE - NY,23318,-690,1400,-1600
01/29/2017 02:25,SCH - NPX_1385,325277,0,200,-200
01/29/2017 02:25,SCH - NPX_CSC,325154,0,330,-330
01/29/2017 02:25,SCH - OH - NY,23317,1197.16,1500,-1900
01/29/2017 02:25,SCH - PJ - NY,23316,197.55,2200,-1450
01/29/2017 02:25,SCH - PJM_HTP,325905,0,0,0
01/29/2017 02:25,SCH - PJM_NEPTUNE,325305,660,660,-660
01/29/2017 02:25,SCH - PJM_VFT,325658,315,315,-315
01/29/2017 02:25,SPR/DUN-SOUTH,23320,1346.25,4600,-9999
01/29/2017 02:25,TOTAL EAST,23314,3269.1,6500,-9999
01/29/2017 02:25,UPNY CONED,23315,474.91,5100,-9999
01/29/2017 02:25,WEST CENTRAL,23312,1089.2,9999,-9999
01/29/2017 02:30,CENTRAL EAST - VC,23330,1859.97,1960,-9999
01/29/2017 02:30,DYSINGER EAST,23326,1350.9,3150,-9999
01/29/2017 02:30,MOSES SOUTH,23319,1406.21,3150,-1600
01/29/2017 02:30,SCH - HQ - NY,23324,1241,1500,-1000
01/29/2017 02:30,SCH - HQ_CEDARS,325274,199,199,-100
01/29/2017 02:30,SCH - HQ_IMPORT_EXPORT,325376,937,1310,-9999
01/29/2017 02:30,SCH - NE - NY,23318,-689.99,1400,-1600
01/29/2017 02:30,SCH - NPX_1385,325277,0,200,-200
01/29/2017 02:30,SCH - NPX_CSC,325154,0,330,-330
01/29/2017 02:30,SCH - OH - NY,23317,1197.25,1500,-1900
01/29/2017 02:30,SCH - PJ - NY,23316,199.17,2200,-1450
01/29/2017 02:30,SCH - PJM_HTP,325905,0,0,0
01/29/2017 02:30,SCH - PJM_NEPTUNE,325305,660,660,-660
01/29/2017 02:30,SCH - PJM_VFT,325658,315,315,-315
01/29/2017 02:30,SPR/DUN-SOUTH,23320,1370.64,4600,-9999
01/29/2017 02:30,TOTAL EAST,23314,3274.88,6500,-9999
01/29/2017 02:30,UPNY CONED,23315,493.35,5100,-9999
01/29/2017 02:30,WEST CENTRAL,23312,1091.83,9999,-9999
01/29/2017 02:35,CENTRAL EAST - VC,23330,1860.43,1960,-9999
01/29/2017 02:35,DYSINGER EAST,23326,1369.4,3150,-9999
01/29/2017 02:35,MOSES SOUTH,23319,1413.48,3150,-1600
01/29/2017 02:35,SCH - HQ - NY,23324,1241,1500,-1000
01/29/2017 02:35,SCH - HQ_CEDARS,325274,199,199,-100
01/29/2017 02:35,SCH - HQ_IMPORT_EXPORT,325376,937,1310,-9999
01/29/2017 02:35,SCH - NE - NY,23318,-689.99,1400,-1600
01/29/2017 02:35,SCH - NPX_1385,325277,0,200,-200
01/29/2017 02:35,SCH - NPX_CSC,325154,0,330,-330
01/29/2017 02:35,SCH - OH - NY,23317,1197.24,1500,-1900
01/29/2017 02:35,SCH - PJ - NY,23316,199.61,2200,-1450
01/29/2017 02:35,SCH - PJM_HTP,325905,0,0,0
01/29/2017 02:35,SCH - PJM_NEPTUNE,325305,660,660,-660
01/29/2017 02:35,SCH - PJM_VFT,325658,315,315,-315
01/29/2017 02:35,SPR/DUN-SOUTH,23320,1376.63,4600,-9999
01/29/2017 02:35,TOTAL EAST,23314,3264.44,6500,-9999
01/29/2017 02:35,UPNY CONED,23315,495.33,5100,-9999
01/29/2017 02:35,WEST CENTRAL,23312,1109.81,9999,-9999
01/29/2017 02:40,CENTRAL EAST - VC,23330,1859.63,1960,-9999
01/29/2017 02:40,DYSINGER EAST,23326,1401.66,3150,-9999
01/29/2017 02:40,MOSES SOUTH,23319,1411.97,3150,-1600
01/29/2017 02:40,SCH - HQ - NY,23324,1241,1500,-1000
01/29/2017 02:40,SCH - HQ_CEDARS,325274,199,199,-100
01/29/2017 02:40,SCH - HQ_IMPORT_EXPORT,325376,937,1310,-9999
01/29/2017 02:40,SCH - NE - NY,23318,-690,1400,-1600
01/29/2017 02:40,SCH - NPX_1385,325277,0,200,-200
01/29/2017 02:40,SCH - NPX_CSC,325154,0,330,-330
01/29/2017 02:40,SCH - OH - NY,23317,1197.1,1500,-1900
01/29/2017 02:40,SCH - PJ - NY,23316,199.22,2200,-1450
01/29/2017 02:40,SCH - PJM_HTP,325905,0,0,0
01/29/2017 02:40,SCH - PJM_NEPTUNE,325305,660,660,-660
01/29/2017 02:40,SCH - PJM_VFT,325658,315,315,-315
01/29/2017 02:40,SPR/DUN-SOUTH,23320,1367.88,4600,-9999
01/29/2017 02:40,TOTAL EAST,23314,3231.63,6500,-9999
01/29/2017 02:40,UPNY CONED,23315,481.4,5100,-9999
01/29/2017 02:40,WEST CENTRAL,23312,1142.62,9999,-9999
01/29/2017 02:45,CENTRAL EAST - VC,23330,1859.1,1960,-9999
01/29/2017 02:45,DYSINGER EAST,23326,1408.14,3150,-9999
01/29/2017 02:45,MOSES SOUTH,23319,1404.85,3150,-1600
01/29/2017 02:45,SCH - HQ - NY,23324,1241,1500,-1000
01/29/2017 02:45,SCH - HQ_CEDARS,325274,199,199,-100
01/29/2017 02:45,SCH - HQ_IMPORT_EXPORT,325376,937,1310,-9999
01/29/2017 02:45,SCH - NE - NY,23318,-708.98,1400,-1600
01/29/2017 02:45,SCH - NPX_1385,325277,0,200,-200
01/29/2017 02:45,SCH - NPX_CSC,325154,0,330,-330
01/29/2017 02:45,SCH - OH - NY,23317,1197.16,1500,-1900
01/29/2017 02:45,SCH - PJ - NY,23316,199.38,2200,-1450
01/29/2017 02:45,SCH - PJM_HTP,325905,0,0,0
01/29/2017 02:45,SCH - PJM_NEPTUNE,325305,660,660,-660
01/29/2017 02:45,SCH - PJM_VFT,325658,315,315,-315
01/29/2017 02:45,SPR/DUN-SOUTH,23320,1367.16,4600,-9999
01/29/2017 02:45,TOTAL EAST,23314,3239.98,6500,-9999
01/29/2017 02:45,UPNY CONED,23315,477.56,5100,-9999
01/29/2017 02:45,WEST CENTRAL,23312,1149.63,9999,-9999
01/29/2017 02:50,CENTRAL EAST - VC,23330,1858,1960,-9999
01/29/2017 02:50,DYSINGER EAST,23326,1407.5,3150,-9999
01/29/2017 02:50,MOSES SOUTH,23319,1375.3,3150,-1600
01/29/2017 02:50,SCH - HQ - NY,23324,1241,1500,-1000
01/29/2017 02:50,SCH - HQ_CEDARS,325274,199,199,-100
01/29/2017 02:50,SCH - HQ_IMPORT_EXPORT,325376,937,1310,-9999
01/29/2017 02:50,SCH - NE - NY,23318,-728.96,1400,-1600
01/29/2017 02:50,SCH - NPX_1385,325277,0,200,-200
01/29/2017 02:50,SCH - NPX_CSC,325154,0,330,-330
01/29/2017 02:50,SCH - OH - NY,23317,1197.3,1500,-1900
01/29/2017 02:50,SCH - PJ - NY,23316,198.23,2200,-1450
01/29/2017 02:50,SCH - PJM_HTP,325905,0,0,0
01/29/2017 02:50,SCH - PJM_NEPTUNE,325305,660,660,-660
01/29/2017 02:50,SCH - PJM_VFT,325658,315,315,-315
01/29/2017 02:50,SPR/DUN-SOUTH,23320,1242.67,4600,-9999
01/29/2017 02:50,TOTAL EAST,23314,3277.03,6500,-9999
01/29/2017 02:50,UPNY CONED,23315,356.98,5100,-9999
01/29/2017 02:50,WEST CENTRAL,23312,1149.69,9999,-9999
01/29/2017 02:55,CENTRAL EAST - VC,23330,1860.52,1960,-9999
01/29/2017 02:55,DYSINGER EAST,23326,1446.42,3150,-9999
01/29/2017 02:55,MOSES SOUTH,23319,1395.19,3150,-1600
01/29/2017 02:55,SCH - HQ - NY,23324,1241,1500,-1000
01/29/2017 02:55,SCH - HQ_CEDARS,325274,199,199,-100
01/29/2017 02:55,SCH - HQ_IMPORT_EXPORT,325376,937,1310,-9999
01/29/2017 02:55,SCH - NE - NY,23318,-728.97,1400,-1600
01/29/2017 02:55,SCH - NPX_1385,325277,0,200,-200
01/29/2017 02:55,SCH - NPX_CSC,325154,0,330,-330
01/29/2017 02:55,SCH - OH - NY,23317,1197.28,1500,-1900
01/29/2017 02:55,SCH - PJ - NY,23316,199.08,2200,-1450
01/29/2017 02:55,SCH - PJM_HTP,325905,0,0,0
01/29/2017 02:55,SCH - PJM_NEPTUNE,325305,660,660,-660
01/29/2017 02:55,SCH - PJM_VFT,325658,315,315,-315
01/29/2017 02:55,SPR/DUN-SOUTH,23320,1219.06,4600,-9999
01/29/2017 02:55,TOTAL EAST,23314,3329.84,6500,-9999
01/29/2017 02:55,UPNY CONED,23315,347.97,5100,-9999
01/29/2017 02:55,WEST CENTRAL,23312,1188.94,9999,-9999
01/29/2017 03:00,CENTRAL EAST - VC,23330,1860.26,1960,-9999
01/29/2017 03:00,DYSINGER EAST,23326,1408.29,3150,-9999
01/29/2017 03:00,MOSES SOUTH,23319,1413.48,3150,-1600
01/29/2017 03:00,SCH - HQ - NY,23324,1241,1500,-1000
01/29/2017 03:00,SCH - HQ_CEDARS,325274,199,199,-100
01/29/2017 03:00,SCH - HQ_IMPORT_EXPORT,325376,937,1310,-9999
01/29/2017 03:00,SCH - NE - NY,23318,-754.94,1400,-1600
01/29/2017 03:00,SCH - NPX_1385,325277,22,200,-200
01/29/2017 03:00,SCH - NPX_CSC,325154,0,330,-330
01/29/2017 03:00,SCH - OH - NY,23317,1197.26,1500,-1900
01/29/2017 03:00,SCH - PJ - NY,23316,185.19,2200,-1450
01/29/2017 03:00,SCH - PJM_HTP,325905,0,0,0
01/29/2017 03:00,SCH - PJM_NEPTUNE,325305,660,660,-660
01/29/2017 03:00,SCH - PJM_VFT,325658,315,315,-315
01/29/2017 03:00,SPR/DUN-SOUTH,23320,1204.23,4600,-9999
01/29/2017 03:00,TOTAL EAST,23314,3242.98,6500,-9999
01/29/2017 03:00,UPNY CONED,23315,283.52,5100,-9999
01/29/2017 03:00,WEST CENTRAL,23312,1151.09,9999,-9999
01/29/2017 03:05,CENTRAL EAST - VC,23330,1860.01,1960,-9999
01/29/2017 03:05,DYSINGER EAST,23326,1410.14,3150,-9999
01/29/2017 03:05,MOSES SOUTH,23319,1394.74,3150,-1600
01/29/2017 03:05,SCH - HQ - NY,23324,1241,1500,-1000
01/29/2017 03:05,SCH - HQ_CEDARS,325274,199,199,-100
01/29/2017 03:05,SCH - HQ_IMPORT_EXPORT,325376,937,1310,-9999
01/29/2017 03:05,SCH - NE - NY,23318,-781.92,1400,-1600
01/29/2017 03:05,SCH - NPX_1385,325277,45,200,-200
01/29/2017 03:05,SCH - NPX_CSC,325154,0,330,-330
01/29/2017 03:05,SCH - OH - NY,23317,1197.35,1500,-1900
01/29/2017 03:05,SCH - PJ - NY,23316,170.93,2200,-1450
01/29/2017 03:05,SCH - PJM_HTP,325905,0,0,0
01/29/2017 03:05,SCH - PJM_NEPTUNE,325305,660,660,-660
01/29/2017 03:05,SCH - PJM_VFT,325658,315,315,-315
01/29/2017 03:05,SPR/DUN-SOUTH,23320,1212.29,4600,-9999
01/29/2017 03:05,TOTAL EAST,23314,3243.49,6500,-9999
01/29/2017 03:05,UPNY CONED,23315,266.87,5100,-9999
01/29/2017 03:05,WEST CENTRAL,23312,1152.35,9999,-9999
01/29/2017 03:10,CENTRAL EAST - VC,23330,1859.81,1960,-9999
01/29/2017 03:10,DYSINGER EAST,23326,1395.68,3150,-9999
01/29/2017 03:10,MOSES SOUTH,23319,1385.03,3150,-1600
01/29/2017 03:10,SCH - HQ - NY,23324,1241,1500,-1000
01/29/2017 03:10,SCH - HQ_CEDARS,325274,199,199,-100
01/29/2017 03:10,SCH - HQ_IMPORT_EXPORT,325376,937,1310,-9999
01/29/2017 03:10,SCH - NE - NY,23318,-781.92,1400,-1600
01/29/2017 03:10,SCH - NPX_1385,325277,45,200,-200
01/29/2017 03:10,SCH - NPX_CSC,325154,0,330,-330
01/29/2017 03:10,SCH - OH - NY,23317,1197.31,1500,-1900
01/29/2017 03:10,SCH - PJ - NY,23316,169.74,2200,-1450
01/29/2017 03:10,SCH - PJM_HTP,325905,0,0,0
01/29/2017 03:10,SCH - PJM_NEPTUNE,325305,660,660,-660
01/29/2017 03:10,SCH - PJM_VFT,325658,315,315,-315
01/29/2017 03:10,SPR/DUN-SOUTH,23320,1229.66,4600,-9999
01/29/2017 03:10,TOTAL EAST,23314,3226.38,6500,-9999
01/29/2017 03:10,UPNY CONED,23315,272.48,5100,-9999
01/29/2017 03:10,WEST CENTRAL,23312,1137.61,9999,-9999
01/29/2017 03:15,CENTRAL EAST - VC,23330,1857.31,1960,-9999
01/29/2017 03:15,DYSINGER EAST,23326,1353.91,3150,-9999
01/29/2017 03:15,MOSES SOUTH,23319,1403.33,3150,-1600
01/29/2017 03:15,SCH - HQ - NY,23324,1241,1500,-1000
01/29/2017 03:15,SCH - HQ_CEDARS,325274,199,199,-100
01/29/2017 03:15,SCH - HQ_IMPORT_EXPORT,325376,937,1310,-9999
01/29/2017 03:15,SCH - NE - NY,23318,-819.88,1400,-1600
01/29/2017 03:15,SCH - NPX_1385,325277,45,200,-200
01/29/2017 03:15,SCH - NPX_CSC,325154,0,330,-330
01/29/2017 03:15,SCH - OH - NY,23317,1197.13,1500,-1900
01/29/2017 03:15,SCH - PJ - NY,23316,168.94,2200,-1450
01/29/2017 03:15,SCH - PJM_HTP,325905,0,0,0
01/29/2017 03:15,SCH - PJM_NEPTUNE,325305,660,660,-660
01/29/2017 03:15,SCH - PJM_VFT,325658,315,315,-315
01/29/2017 03:15,SPR/DUN-SOUTH,23320,1192.91,4600,-9999
01/29/2017 03:15,TOTAL EAST,23314,3167.06,6500,-9999
01/29/2017 03:15,UPNY CONED,23315,230.1,5100,-9999
01/29/2017 03:15,WEST CENTRAL,23312,1098.43,9999,-9999
01/29/2017 03:20,CENTRAL EAST - VC,23330,1855.75,1960,-9999
01/29/2017 03:20,DYSINGER EAST,23326,1270.49,3150,-9999
01/29/2017 03:20,MOSES SOUTH,23319,1413.34,3150,-1600
01/29/2017 03:20,SCH - HQ - NY,23324,1241,1500,-1000
01/29/2017 03:20,SCH - HQ_CEDARS,325274,199,199,-100
01/29/2017 03:20,SCH - HQ_IMPORT_EXPORT,325376,937,1310,-9999
01/29/2017 03:20,SCH - NE - NY,23318,-858.84,1400,-1600
01/29/2017 03:20,SCH - NPX_1385,325277,45,200,-200
01/29/2017 03:20,SCH - NPX_CSC,325154,0,330,-330
01/29/2017 03:20,SCH - OH - NY,23317,1197.38,1500,-1900
01/29/2017 03:20,SCH - PJ - NY,23316,170.11,2200,-1450
01/29/2017 03:20,SCH - PJM_HTP,325905,0,0,0
01/29/2017 03:20,SCH - PJM_NEPTUNE,325305,660,660,-660
01/29/2017 03:20,SCH - PJM_VFT,325658,315,315,-315
01/29/2017 03:20,SPR/DUN-SOUTH,23320,1146.23,4600,-9999
01/29/2017 03:20,TOTAL EAST,23314,3153.67,6500,-9999
01/29/2017 03:20,UPNY CONED,23315,178.98,5100,-9999
01/29/2017 03:20,WEST CENTRAL,23312,1018.01,9999,-9999
01/29/2017 03:25,CENTRAL EAST - VC,23330,1860.89,1960,-9999
01/29/2017 03:25,DYSINGER EAST,23326,1336.45,3150,-9999
01/29/2017 03:25,MOSES SOUTH,23319,1417.76,3150,-1600
01/29/2017 03:25,SCH - HQ - NY,23324,1241,1500,-1000
01/29/2017 03:25,SCH - HQ_CEDARS,325274,199,199,-100
01/29/2017 03:25,SCH - HQ_IMPORT_EXPORT,325376,937,1310,-9999
01/29/2017 03:25,SCH - NE - NY,23318,-858.86,1400,-1600
01/29/2017 03:25,SCH - NPX_1385,325277,45,200,-200
01/29/2017 03:25,SCH - NPX_CSC,325154,0,330,-330
01/29/2017 03:25,SCH - OH - NY,23317,1197.14,1500,-1900
01/29/2017 03:25,SCH - PJ - NY,23316,168.76,2200,-1450
01/29/2017 03:25,SCH - PJM_HTP,325905,0,0,0
01/29/2017 03:25,SCH - PJM_NEPTUNE,325305,660,660,-660
01/29/2017 03:25,SCH - PJM_VFT,325658,315,315,-315
01/29/2017 03:25,SPR/DUN-SOUTH,23320,1164.47,4600,-9999
01/29/2017 03:25,TOTAL EAST,23314,3146.97,6500,-9999
01/29/2017 03:25,UPNY CONED,23315,196.03,5100,-9999
01/29/2017 03:25,WEST CENTRAL,23312,1082.11,9999,-9999
01/29/2017 03:30,CENTRAL EAST - VC,23330,1860.05,1960,-9999
01/29/2017 03:30,DYSINGER EAST,23326,1371.98,3150,-9999
01/29/2017 03:30,MOSES SOUTH,23319,1387.59,3150,-1600
01/29/2017 03:30,SCH - HQ - NY,23324,1241,1500,-1000
01/29/2017 03:30,SCH - HQ_CEDARS,325274,199,199,-100
01/29/2017 03:30,SCH - HQ_IMPORT_EXPORT,325376,937,1310,-9999
01/29/2017 03:30,SCH - NE - NY,23318,-844.87,1400,-1600
01/29/2017 03:30,SCH - NPX_1385,325277,45,200,-200
01/29/2017 03:30,SCH - NPX_CSC,325154,0,330,-330
01/29/2017 03:30,SCH - OH - NY,23317,1196.77,1500,-1900
01/29/2017 03:30,SCH - PJ - NY,23316,169.36,2200,-1450
01/29/2017 03:30,SCH - PJM_HTP,325905,0,0,0
01/29/2017 03:30,SCH - PJM_NEPTUNE,325305,660,660,-660
01/29/2017 03:30,SCH - PJM_VFT,325658,315,315,-315
01/29/2017 03:30,SPR/DUN-SOUTH,23320,1162.12,4600,-9999
01/29/2017 03:30,TOTAL EAST,23314,3124.06,6500,-9999
01/29/2017 03:30,UPNY CONED,23315,196.56,5100,-9999
01/29/2017 03:30,WEST CENTRAL,23312,1113.29,9999,-9999
01/29/2017 03:35,CENTRAL EAST - VC,23330,1859.87,1960,-9999
01/29/2017 03:35,DYSINGER EAST,23326,1375.73,3150,-9999
01/29/2017 03:35,MOSES SOUTH,23319,1394.35,3150,-1600
01/29/2017 03:35,SCH - HQ - NY,23324,1241,1500,-1000
01/29/2017 03:35,SCH - HQ_CEDARS,325274,199,199,-100
01/29/2017 03:35,SCH - HQ_IMPORT_EXPORT,325376,937,1310,-9999
01/29/2017 03:35,SCH - NE - NY,23318,-830.89,1400,-1600
01/29/2017 03:35,SCH - NPX_1385,325277,45,200,-200
01/29/2017 03:35,SCH - NPX_CSC,325154,0,330,-330
01/29/2017 03:35,SCH - OH - NY,23317,1196.92,1500,-1900
01/29/2017 03:35,SCH - PJ - NY,23316,167.73,2200,-1450
01/29/2017 03:35,SCH - PJM_HTP,325905,0,0,0
01/29/2017 03:35,SCH - PJM_NEPTUNE,325305,660,660,-660
01/29/2017 03:35,SCH - PJM_VFT,325658,315,315,-315
01/29/2017 03:35,SPR/DUN-SOUTH,23320,1199.17,4600,-9999
01/29/2017 03:35,TOTAL EAST,23314,3168.16,6500,-9999
01/29/2017 03:35,UPNY CONED,23315,241.01,5100,-9999
01/29/2017 03:35,WEST CENTRAL,23312,1117.22,9999,-9999
01/29/2017 03:40,CENTRAL EAST - VC,23330,1828.23,1930,-9999
01/29/2017 03:40,DYSINGER EAST,23326,1299.74,3150,-9999
01/29/2017 03:40,MOSES SOUTH,23319,1389.83,3150,-1600
01/29/2017 03:40,SCH - HQ - NY,23324,1241,1500,-1000
01/29/2017 03:40,SCH - HQ_CEDARS,325274,199,199,-100
01/29/2017 03:40,SCH - HQ_IMPORT_EXPORT,325376,937,1310,-9999
01/29/2017 03:40,SCH - NE - NY,23318,-830.89,1400,-1600
01/29/2017 03:40,SCH - NPX_1385,325277,45,200,-200
01/29/2017 03:40,SCH - NPX_CSC,325154,0,330,-330
01/29/2017 03:40,SCH - OH - NY,23317,1197.07,1500,-1900
01/29/2017 03:40,SCH - PJ - NY,23316,168.96,2200,-1450
01/29/2017 03:40,SCH - PJM_HTP,325905,0,0,0
01/29/2017 03:40,SCH - PJM_NEPTUNE,325305,660,660,-660
01/29/2017 03:40,SCH - PJM_VFT,325658,315,315,-315
01/29/2017 03:40,SPR/DUN-SOUTH,23320,1148.39,4600,-9999
01/29/2017 03:40,TOTAL EAST,23314,3133.18,6500,-9999
01/29/2017 03:40,UPNY CONED,23315,186.92,5100,-9999
01/29/2017 03:40,WEST CENTRAL,23312,1046.83,9999,-9999
01/29/2017 03:45,CENTRAL EAST - VC,23330,1829.15,1930,-9999
01/29/2017 03:45,DYSINGER EAST,23326,1327.04,3150,-9999
01/29/2017 03:45,MOSES SOUTH,23319,1417.14,3150,-1600
01/29/2017 03:45,SCH - HQ - NY,23324,1241,1500,-1000
01/29/2017 03:45,SCH - HQ_CEDARS,325274,199,199,-100
01/29/2017 03:45,SCH - HQ_IMPORT_EXPORT,325376,937,1310,-9999
01/29/2017 03:45,SCH - NE - NY,23318,-816.9,1400,-1600
01/29/2017 03:45,SCH - NPX_1385,325277,45,200,-200
01/29/2017 03:45,SCH - NPX_CSC,325154,0,330,-330
01/29/2017 03:45,SCH - OH - NY,23317,1196.92,1500,-1900
01/29/2017 03:45,SCH - PJ - NY,23316,169.78,2200,-1450
01/29/2017 03:45,SCH - PJM_HTP,325905,0,0,0
01/29/2017 03:45,SCH - PJM_NEPTUNE,325305,660,660,-660
01/29/2017 03:45,SCH - PJM_VFT,325658,315,315,-315
01/29/2017 03:45,SPR/DUN-SOUTH,23320,1143.69,4600,-9999
01/29/2017 03:45,TOTAL EAST,23314,3119.83,6500,-9999
01/29/2017 03:45,UPNY CONED,23315,181.11,5100,-9999
01/29/2017 03:45,WEST CENTRAL,23312,1075.5,9999,-9999
01/29/2017 03:50,CENTRAL EAST - VC,23330,1830.42,1930,-9999
01/29/2017 03:50,DYSINGER EAST,23326,1370.28,3150,-9999
01/29/2017 03:50,MOSES SOUTH,23319,1409.45,3150,-1600
01/29/2017 03:50,SCH - HQ - NY,23324,1241,1500,-1000
01/29/2017 03:50,SCH - HQ_CEDARS,325274,199,199,-100
01/29/2017 03:50,SCH - HQ_IMPORT_EXPORT,325376,937,1310,-9999
01/29/2017 03:50,SCH - NE - NY,23318,-802.92,1400,-1600
01/29/2017 03:50,SCH - NPX_1385,325277,45,200,-200
01/29/2017 03:50,SCH - NPX_CSC,325154,0,330,-330
01/29/2017 03:50,SCH - OH - NY,23317,1196.94,1500,-1900
01/29/2017 03:50,SCH - PJ - NY,23316,170.77,2200,-1450
01/29/2017 03:50,SCH - PJM_HTP,325905,0,0,0
01/29/2017 03:50,SCH - PJM_NEPTUNE,325305,660,660,-660
01/29/2017 03:50,SCH - PJM_VFT,325658,315,315,-315
01/29/2017 03:50,SPR/DUN-SOUTH,23320,1154.98,4600,-9999
01/29/2017 03:50,TOTAL EAST,23314,3157.35,6500,-9999
01/29/2017 03:50,UPNY CONED,23315,202.21,5100,-9999
01/29/2017 03:50,WEST CENTRAL,23312,1115.01,9999,-9999
01/29/2017 03:55,CENTRAL EAST - VC,23330,1830.2,1930,-9999
01/29/2017 03:55,DYSINGER EAST,23326,1398.47,3150,-9999
01/29/2017 03:55,MOSES SOUTH,23319,1401.72,3150,-1600
01/29/2017 03:55,SCH - HQ - NY,23324,1241,1500,-1000
01/29/2017 03:55,SCH - HQ_CEDARS,325274,199,199,-100
01/29/2017 03:55,SCH - HQ_IMPORT_EXPORT,325376,937,1310,-9999
01/29/2017 03:55,SCH - NE - NY,23318,-802.92,1400,-1600
01/29/2017 03:55,SCH - NPX_1385,325277,45,200,-200
01/29/2017 03:55,SCH - NPX_CSC,325154,0,330,-330
01/29/2017 03:55,SCH - OH - NY,23317,1196.91,1500,-1900
01/29/2017 03:55,SCH - PJ - NY,23316,168.82,2200,-1450
01/29/2017 03:55,SCH - PJM_HTP,325905,0,0,0
01/29/2017 03:55,SCH - PJM_NEPTUNE,325305,660,660,-660
01/29/2017 03:55,SCH - PJM_VFT,325658,315,315,-315
01/29/2017 03:55,SPR/DUN-SOUTH,23320,1168.04,4600,-9999
01/29/2017 03:55,TOTAL EAST,23314,3123.98,6500,-9999
01/29/2017 03:55,UPNY CONED,23315,203.55,5100,-9999
01/29/2017 03:55,WEST CENTRAL,23312,1143.29,9999,-9999
01/29/2017 04:00,CENTRAL EAST - VC,23330,1830.45,1930,-9999
01/29/2017 04:00,DYSINGER EAST,23326,1421.47,3150,-9999
01/29/2017 04:00,MOSES SOUTH,23319,1385.14,3150,-1600
01/29/2017 04:00,SCH - HQ - NY,23324,1241,1500,-1000
01/29/2017 04:00,SCH - HQ_CEDARS,325274,199,199,-100
01/29/2017 04:00,SCH - HQ_IMPORT_EXPORT,325376,937,1310,-9999
01/29/2017 04:00,SCH - NE - NY,23318,-771.94,1400,-1600
01/29/2017 04:00,SCH - NPX_1385,325277,22,200,-200
01/29/2017 04:00,SCH - NPX_CSC,325154,0,330,-330
01/29/2017 04:00,SCH - OH - NY,23317,1197.02,1500,-1900
01/29/2017 04:00,SCH - PJ - NY,23316,169.79,2200,-1450
01/29/2017 04:00,SCH - PJM_HTP,325905,0,0,0
01/29/2017 04:00,SCH - PJM_NEPTUNE,325305,660,660,-660
01/29/2017 04:00,SCH - PJM_VFT,325658,315,315,-315
01/29/2017 04:00,SPR/DUN-SOUTH,23320,1167.64,4600,-9999
01/29/2017 04:00,TOTAL EAST,23314,3183.41,6500,-9999
01/29/2017 04:00,UPNY CONED,23315,239.52,5100,-9999
01/29/2017 04:00,WEST CENTRAL,23312,1166.09,9999,-9999
01/29/2017 04:05,CENTRAL EAST - VC,23330,1829.66,1930,-9999
01/29/2017 04:05,DYSINGER EAST,23326,1395.94,3150,-9999
01/29/2017 04:05,MOSES SOUTH,23319,1385.36,3150,-1600
01/29/2017 04:05,SCH - HQ - NY,23324,1241,1500,-1000
01/29/2017 04:05,SCH - HQ_CEDARS,325274,199,199,-100
01/29/2017 04:05,SCH - HQ_IMPORT_EXPORT,325376,937,1310,-9999
01/29/2017 04:05,SCH - NE - NY,23318,-741.97,1400,-1600
01/29/2017 04:05,SCH - NPX_1385,325277,0,200,-200
01/29/2017 04:05,SCH - NPX_CSC,325154,0,330,-330
01/29/2017 04:05,SCH - OH - NY,23317,1197.05,1500,-1900
01/29/2017 04:05,SCH - PJ - NY,23316,168.35,2200,-1450
01/29/2017 04:05,SCH - PJM_HTP,325905,0,0,0
01/29/2017 04:05,SCH - PJM_NEPTUNE,325305,660,660,-660
01/29/2017 04:05,SCH - PJM_VFT,325658,315,315,-315
01/29/2017 04:05,SPR/DUN-SOUTH,23320,1178.9,4600,-9999
01/29/2017 04:05,TOTAL EAST,23314,3166.83,6500,-9999
01/29/2017 04:05,UPNY CONED,23315,271.17,5100,-9999
01/29/2017 04:05,WEST CENTRAL,23312,1140.87,9999,-9999
01/29/2017 04:10,CENTRAL EAST - VC,23330,1829.8,1930,-9999
01/29/2017 04:10,DYSINGER EAST,23326,1439.27,3150,-9999
01/29/2017 04:10,MOSES SOUTH,23319,1396.54,3150,-1600
01/29/2017 04:10,SCH - HQ - NY,23324,1241,1500,-1000
01/29/2017 04:10,SCH - HQ_CEDARS,325274,199,199,-100
01/29/2017 04:10,SCH - HQ_IMPORT_EXPORT,325376,937,1310,-9999
01/29/2017 04:10,SCH - NE - NY,23318,-741.97,1400,-1600
01/29/2017 04:10,SCH - NPX_1385,325277,0,200,-200
01/29/2017 04:10,SCH - NPX_CSC,325154,0,330,-330
01/29/2017 04:10,SCH - OH - NY,23317,1197.1,1500,-1900
01/29/2017 04:10,SCH - PJ - NY,23316,169.24,2200,-1450
01/29/2017 04:10,SCH - PJM_HTP,325905,0,0,0
01/29/2017 04:10,SCH - PJM_NEPTUNE,325305,660,660,-660
01/29/2017 04:10,SCH - PJM_VFT,325658,315,315,-315
01/29/2017 04:10,SPR/DUN-SOUTH,23320,1155.72,4600,-9999
01/29/2017 04:10,TOTAL EAST,23314,3246.33,6500,-9999
01/29/2017 04:10,UPNY CONED,23315,271.7,5100,-9999
01/29/2017 04:10,WEST CENTRAL,23312,1183.28,9999,-9999
01/29/2017 04:15,CENTRAL EAST - VC,23330,1827.28,1930,-9999
01/29/2017 04:15,DYSINGER EAST,23326,1378.77,3150,-9999
01/29/2017 04:15,MOSES SOUTH,23319,1398.2,3150,-1600
01/29/2017 04:15,SCH - HQ - NY,23324,1241,1500,-1000
01/29/2017 04:15,SCH - HQ_CEDARS,325274,199,199,-100
01/29/2017 04:15,SCH - HQ_IMPORT_EXPORT,325376,937,1310,-9999
01/29/2017 04:15,SCH - NE - NY,23318,-764.95,1400,-1600
01/29/2017 04:15,SCH - NPX_1385,325277,0,200,-200
01/29/2017 04:15,SCH - NPX_CSC,325154,0,330,-330
01/29/2017 04:15,SCH - OH - NY,23317,1197.24,1500,-1900
01/29/2017 04:15,SCH - PJ - NY,23316,169.07,2200,-1450
01/29/2017 04:15,SCH - PJM_HTP,325905,0,0,0
01/29/2017 04:15,SCH - PJM_NEPTUNE,325305,660,660,-660
01/29/2017 04:15,SCH - PJM_VFT,325658,315,315,-315
01/29/2017 04:15,SPR/DUN-SOUTH,23320,1133.74,4600,-9999
01/29/2017 04:15,TOTAL EAST,23314,3159.35,6500,-9999
01/29/2017 04:15,UPNY CONED,23315,231.97,5100,-9999
01/29/2017 04:15,WEST CENTRAL,23312,1124.08,9999,-9999
01/29/2017 04:20,CENTRAL EAST - VC,23330,1829.77,1930,-9999
01/29/2017 04:20,DYSINGER EAST,23326,1412.21,3150,-9999
01/29/2017 04:20,MOSES SOUTH,23319,1398.71,3150,-1600
01/29/2017 04:20,SCH - HQ - NY,23324,1241,1500,-1000
01/29/2017 04:20,SCH - HQ_CEDARS,325274,199,199,-100
01/29/2017 04:20,SCH - HQ_IMPORT_EXPORT,325376,937,1310,-9999
01/29/2017 04:20,SCH - NE - NY,23318,-788.92,1400,-1600
01/29/2017 04:20,SCH - NPX_1385,325277,0,200,-200
01/29/2017 04:20,SCH - NPX_CSC,325154,0,330,-330
01/29/2017 04:20,SCH - OH - NY,23317,1197.17,1500,-1900
01/29/2017 04:20,SCH - PJ - NY,23316,168,2200,-1450
01/29/2017 04:20,SCH - PJM_HTP,325905,0,0,0
01/29/2017 04:20,SCH - PJM_NEPTUNE,325305,660,660,-660
01/29/2017 04:20,SCH - PJM_VFT,325658,315,315,-315
01/29/2017 04:20,SPR/DUN-SOUTH,23320,1138.54,4600,-9999
01/29/2017 04:20,TOTAL EAST,23314,3181.4,6500,-9999
01/29/2017 04:20,UPNY CONED,23315,235.78,5100,-9999
01/29/2017 04:20,WEST CENTRAL,23312,1157.95,9999,-9999
01/29/2017 04:25,CENTRAL EAST - VC,23330,1829.81,1930,-9999
01/29/2017 04:25,DYSINGER EAST,23326,1455.96,3150,-9999
01/29/2017 04:25,MOSES SOUTH,23319,1399.29,3150,-1600
01/29/2017 04:25,SCH - HQ - NY,23324,1241,1500,-1000
01/29/2017 04:25,SCH - HQ_CEDARS,325274,199,199,-100
01/29/2017 04:25,SCH - HQ_IMPORT_EXPORT,325376,937,1310,-9999
01/29/2017 04:25,SCH - NE - NY,23318,-788.93,1400,-1600
01/29/2017 04:25,SCH - NPX_1385,325277,0,200,-200
01/29/2017 04:25,SCH - NPX_CSC,325154,0,330,-330
01/29/2017 04:25,SCH - OH - NY,23317,1197.17,1500,-1900
01/29/2017 04:25,SCH - PJ - NY,23316,170.71,2200,-1450
01/29/2017 04:25,SCH - PJM_HTP,325905,0,0,0
01/29/2017 04:25,SCH - PJM_NEPTUNE,325305,660,660,-660
01/29/2017 04:25,SCH - PJM_VFT,325658,315,315,-315
01/29/2017 04:25,SPR/DUN-SOUTH,23320,1161.5,4600,-9999
01/29/2017 04:25,TOTAL EAST,23314,3184.64,6500,-9999
01/29/2017 04:25,UPNY CONED,23315,255.77,5100,-9999
01/29/2017 04:25,WEST CENTRAL,23312,1196.04,9999,-9999
01/29/2017 04:30,CENTRAL EAST - VC,23330,1829.15,1930,-9999
01/29/2017 04:30,DYSINGER EAST,23326,1456.87,3150,-9999
01/29/2017 04:30,MOSES SOUTH,23319,1402.16,3150,-1600
01/29/2017 04:30,SCH - HQ - NY,23324,1241,1500,-1000
01/29/2017 04:30,SCH - HQ_CEDARS,325274,199,199,-100
01/29/2017 04:30,SCH - HQ_IMPORT_EXPORT,325376,937,1310,-9999
01/29/2017 04:30,SCH - NE - NY,23318,-788.92,1400,-1600
01/29/2017 04:30,SCH - NPX_1385,325277,0,200,-200
01/29/2017 04:30,SCH - NPX_CSC,325154,0,330,-330
01/29/2017 04:30,SCH - OH - NY,23317,1197.21,1500,-1900
01/29/2017 04:30,SCH - PJ - NY,23316,170.8,2200,-1450
01/29/2017 04:30,SCH - PJM_HTP,325905,0,0,0
01/29/2017 04:30,SCH - PJM_NEPTUNE,325305,660,660,-660
01/29/2017 04:30,SCH - PJM_VFT,325658,315,315,-315
01/29/2017 04:30,SPR/DUN-SOUTH,23320,1155.16,4600,-9999
01/29/2017 04:30,TOTAL EAST,23314,3168.9,6500,-9999
01/29/2017 04:30,UPNY CONED,23315,243.26,5100,-9999
01/29/2017 04:30,WEST CENTRAL,23312,1196.03,9999,-9999
01/29/2017 04:35,CENTRAL EAST - VC,23330,1829.4,1930,-9999
01/29/2017 04:35,DYSINGER EAST,23326,1476.43,3150,-9999
01/29/2017 04:35,MOSES SOUTH,23319,1414.7,3150,-1600
01/29/2017 04:35,SCH - HQ - NY,23324,1241,1500,-1000
01/29/2017 04:35,SCH - HQ_CEDARS,325274,199,199,-100
01/29/2017 04:35,SCH - HQ_IMPORT_EXPORT,325376,937,1310,-9999
01/29/2017 04:35,SCH - NE - NY,23318,-788.92,1400,-1600
01/29/2017 04:35,SCH - NPX_1385,325277,0,200,-200
01/29/2017 04:35,SCH - NPX_CSC,325154,0,330,-330
01/29/2017 04:35,SCH - OH - NY,23317,1197.15,1500,-1900
01/29/2017 04:35,SCH - PJ - NY,23316,169.31,2200,-1450
01/29/2017 04:35,SCH - PJM_HTP,325905,0,0,0
01/29/2017 04:35,SCH - PJM_NEPTUNE,325305,660,660,-660
01/29/2017 04:35,SCH - PJM_VFT,325658,315,315,-315
01/29/2017 04:35,SPR/DUN-SOUTH,23320,1144.15,4600,-9999
01/29/2017 04:35,TOTAL EAST,23314,3156.77,6500,-9999
01/29/2017 04:35,UPNY CONED,23315,233.21,5100,-9999
01/29/2017 04:35,WEST CENTRAL,23312,1215.08,9999,-9999
01/29/2017 04:40,CENTRAL EAST - VC,23330,1830.02,1930,-9999
01/29/2017 04:40,DYSINGER EAST,23326,1505.96,3150,-9999
01/29/2017 04:40,MOSES SOUTH,23319,1436.75,3150,-1600
01/29/2017 04:40,SCH - HQ - NY,23324,1241,1500,-1000
01/29/2017 04:40,SCH - HQ_CEDARS,325274,199,199,-100
01/29/2017 04:40,SCH - HQ_IMPORT_EXPORT,325376,937,1310,-9999
01/29/2017 04:40,SCH - NE - NY,23318,-788.93,1400,-1600
01/29/2017 04:40,SCH - NPX_1385,325277,0,200,-200
01/29/2017 04:40,SCH - NPX_CSC,325154,0,330,-330
01/29/2017 04:40,SCH - OH - NY,23317,1197.26,1500,-1900
01/29/2017 04:40,SCH - PJ - NY,23316,169.22,2200,-1450
01/29/2017 04:40,SCH - PJM_HTP,325905,0,0,0
01/29/2017 04:40,SCH - PJM_NEPTUNE,325305,660,660,-660
01/29/2017 04:40,SCH - PJM_VFT,325658,315,315,-315
01/29/2017 04:40,SPR/DUN-SOUTH,23320,1140.57,4600,-9999
01/29/2017 04:40,TOTAL EAST,23314,3219.51,6500,-9999
01/29/2017 04:40,UPNY CONED,23315,240.82,5100,-9999
01/29/2017 04:40,WEST CENTRAL,23312,1243.25,9999,-9999
01/29/2017 04:45,CENTRAL EAST - VC,23330,1830.31,1930,-9999
01/29/2017 04:45,DYSINGER EAST,23326,1437.54,3150,-9999
01/29/2017 04:45,MOSES SOUTH,23319,1462.84,3150,-1600
01/29/2017 04:45,SCH - HQ - NY,23324,1241,1500,-1000
01/29/2017 04:45,SCH - HQ_CEDARS,325274,199,199,-100
01/29/2017 04:45,SCH - HQ_IMPORT_EXPORT,325376,937,1310,-9999
01/29/2017 04:45,SCH - NE - NY,23318,-768.93,1400,-1600
01/29/2017 04:45,SCH - NPX_1385,325277,0,200,-200
01/29/2017 04:45,SCH - NPX_CSC,325154,0,330,-330
01/29/2017 04:45,SCH - OH - NY,23317,1197.23,1500,-1900
01/29/2017 04:45,SCH - PJ - NY,23316,171.37,2200,-1450
01/29/2017 04:45,SCH - PJM_HTP,325905,0,0,0
01/29/2017 04:45,SCH - PJM_NEPTUNE,325305,660,660,-660
01/29/2017 04:45,SCH - PJM_VFT,325658,315,315,-315
01/29/2017 04:45,SPR/DUN-SOUTH,23320,1157.94,4600,-9999
01/29/2017 04:45,TOTAL EAST,23314,3152.77,6500,-9999
01/29/2017 04:45,UPNY CONED,23315,253.2,5100,-9999
01/29/2017 04:45,WEST CENTRAL,23312,1177.8,9999,-9999
01/29/2017 04:50,CENTRAL EAST - VC,23330,1830.1,1930,-9999
01/29/2017 04:50,DYSINGER EAST,23326,1418.45,3150,-9999
01/29/2017 04:50,MOSES SOUTH,23319,1469.94,3150,-1600
01/29/2017 04:50,SCH - HQ - NY,23324,1241,1500,-1000
01/29/2017 04:50,SCH - HQ_CEDARS,325274,199,199,-100
01/29/2017 04:50,SCH - HQ_IMPORT_EXPORT,325376,937,1310,-9999
01/29/2017 04:50,SCH - NE - NY,23318,-748.94,1400,-1600
01/29/2017 04:50,SCH - NPX_1385,325277,0,200,-200
01/29/2017 04:50,SCH - NPX_CSC,325154,0,330,-330
01/29/2017 04:50,SCH - OH - NY,23317,1197.25,1500,-1900
01/29/2017 04:50,SCH - PJ - NY,23316,169.13,2200,-1450
01/29/2017 04:50,SCH - PJM_HTP,325905,0,0,0
01/29/2017 04:50,SCH - PJM_NEPTUNE,325305,660,660,-660
01/29/2017 04:50,SCH - PJM_VFT,325658,315,315,-315
01/29/2017 04:50,SPR/DUN-SOUTH,23320,1164.02,4600,-9999
01/29/2017 04:50,TOTAL EAST,23314,3165.48,6500,-9999
01/29/2017 04:50,UPNY CONED,23315,266.46,5100,-9999
01/29/2017 04:50,WEST CENTRAL,23312,1158.68,9999,-9999
01/29/2017 04:55,CENTRAL EAST - VC,23330,1829.5,1930,-9999
01/29/2017 04:55,DYSINGER EAST,23326,1459.65,3150,-9999
01/29/2017 04:55,MOSES SOUTH,23319,1457.42,3150,-1600
01/29/2017 04:55,SCH - HQ - NY,23324,1241,1500,-1000
01/29/2017 04:55,SCH - HQ_CEDARS,325274,199,199,-100
01/29/2017 04:55,SCH - HQ_IMPORT_EXPORT,325376,937,1310,-9999
01/29/2017 04:55,SCH - NE - NY,23318,-748.95,1400,-1600
01/29/2017 04:55,SCH - NPX_1385,325277,0,200,-200
01/29/2017 04:55,SCH - NPX_CSC,325154,0,330,-330
01/29/2017 04:55,SCH - OH - NY,23317,1197.25,1500,-1900
01/29/2017 04:55,SCH - PJ - NY,23316,169.53,2200,-1450
01/29/2017 04:55,SCH - PJM_HTP,325905,0,0,0
01/29/2017 04:55,SCH - PJM_NEPTUNE,325305,660,660,-660
01/29/2017 04:55,SCH - PJM_VFT,325658,315,315,-315
01/29/2017 04:55,SPR/DUN-SOUTH,23320,1162.48,4600,-9999
01/29/2017 04:55,TOTAL EAST,23314,3225.85,6500,-9999
01/29/2017 04:55,UPNY CONED,23315,278.15,5100,-9999
01/29/2017 04:55,WEST CENTRAL,23312,1190.22,9999,-9999
01/29/2017 05:00,CENTRAL EAST - VC,23330,1831.08,1930,-9999
01/29/2017 05:00,DYSINGER EAST,23326,1468.37,3150,-9999
01/29/2017 05:00,MOSES SOUTH,23319,1436.37,3150,-1600
01/29/2017 05:00,SCH - HQ - NY,23324,1252,1500,-1000
01/29/2017 05:00,SCH - HQ_CEDARS,325274,149,199,-100
01/29/2017 05:00,SCH - HQ_IMPORT_EXPORT,325376,948,1310,-9999
01/29/2017 05:00,SCH - NE - NY,23318,-798.89,1400,-1600
01/29/2017 05:00,SCH - NPX_1385,325277,0,200,-200
01/29/2017 05:00,SCH - NPX_CSC,325154,0,330,-330
01/29/2017 05:00,SCH - OH - NY,23317,1197.14,1500,-1900
01/29/2017 05:00,SCH - PJ - NY,23316,117.84,2200,-1450
01/29/2017 05:00,SCH - PJM_HTP,325905,0,0,0
01/29/2017 05:00,SCH - PJM_NEPTUNE,325305,660,660,-660
01/29/2017 05:00,SCH - PJM_VFT,325658,237,315,-315
01/29/2017 05:00,SPR/DUN-SOUTH,23320,1310.85,4600,-9999
01/29/2017 05:00,TOTAL EAST,23314,3107.56,6500,-9999
01/29/2017 05:00,UPNY CONED,23315,452.57,5100,-9999
01/29/2017 05:00,WEST CENTRAL,23312,1195.89,9999,-9999
01/29/2017 05:05,CENTRAL EAST - VC,23330,1809.35,1930,-9999
01/29/2017 05:05,DYSINGER EAST,23326,1491.59,3150,-9999
01/29/2017 05:05,MOSES SOUTH,23319,1417.14,3150,-1600
01/29/2017 05:05,SCH - HQ - NY,23324,1264,1500,-1000
01/29/2017 05:05,SCH - HQ_CEDARS,325274,99,199,-100
01/29/2017 05:05,SCH - HQ_IMPORT_EXPORT,325376,960,1310,-9999
01/29/2017 05:05,SCH - NE - NY,23318,-849.84,1400,-1600
01/29/2017 05:05,SCH - NPX_1385,325277,0,200,-200
01/29/2017 05:05,SCH - NPX_CSC,325154,0,330,-330
01/29/2017 05:05,SCH - OH - NY,23317,1197.6,1500,-1900
01/29/2017 05:05,SCH - PJ - NY,23316,69.7,2200,-1450
01/29/2017 05:05,SCH - PJM_HTP,325905,0,0,0
01/29/2017 05:05,SCH - PJM_NEPTUNE,325305,660,660,-660
01/29/2017 05:05,SCH - PJM_VFT,325658,160,315,-315
01/29/2017 05:05,SPR/DUN-SOUTH,23320,1258.87,4600,-9999
01/29/2017 05:05,TOTAL EAST,23314,3116.6,6500,-9999
01/29/2017 05:05,UPNY CONED,23315,395.29,5100,-9999
01/29/2017 05:05,WEST CENTRAL,23312,1214.44,9999,-9999
01/29/2017 05:10,CENTRAL EAST - VC,23330,1830.52,1930,-9999
01/29/2017 05:10,DYSINGER EAST,23326,1568.7,3150,-9999
01/29/2017 05:10,MOSES SOUTH,23319,1372.81,3150,-1600
01/29/2017 05:10,SCH - HQ - NY,23324,1264,1500,-1000
01/29/2017 05:10,SCH - HQ_CEDARS,325274,100,199,-100
01/29/2017 05:10,SCH - HQ_IMPORT_EXPORT,325376,960,1310,-9999
01/29/2017 05:10,SCH - NE - NY,23318,-849.85,1400,-1600
01/29/2017 05:10,SCH - NPX_1385,325277,0,200,-200
01/29/2017 05:10,SCH - NPX_CSC,325154,0,330,-330
01/29/2017 05:10,SCH - OH - NY,23317,1197.66,1500,-1900
01/29/2017 05:10,SCH - PJ - NY,23316,67.97,2200,-1450
01/29/2017 05:10,SCH - PJM_HTP,325905,0,0,0
01/29/2017 05:10,SCH - PJM_NEPTUNE,325305,660,660,-660
01/29/2017 05:10,SCH - PJM_VFT,325658,160,315,-315
01/29/2017 05:10,SPR/DUN-SOUTH,23320,1302.92,4600,-9999
01/29/2017 05:10,TOTAL EAST,23314,3173.09,6500,-9999
01/29/2017 05:10,UPNY CONED,23315,447.56,5100,-9999
01/29/2017 05:10,WEST CENTRAL,23312,1281.44,9999,-9999
01/29/2017 05:15,CENTRAL EAST - VC,23330,1830.45,1930,-9999
01/29/2017 05:15,DYSINGER EAST,23326,1613.24,3150,-9999
01/29/2017 05:15,MOSES SOUTH,23319,1404.12,3150,-1600
01/29/2017 05:15,SCH - HQ - NY,23324,1264,1500,-1000
01/29/2017 05:15,SCH - HQ_CEDARS,325274,100,199,-100
01/29/2017 05:15,SCH - HQ_IMPORT_EXPORT,325376,960,1310,-9999
01/29/2017 05:15,SCH - NE - NY,23318,-838.88,1400,-1600
01/29/2017 05:15,SCH - NPX_1385,325277,0,200,-200
01/29/2017 05:15,SCH - NPX_CSC,325154,0,330,-330
01/29/2017 05:15,SCH - OH - NY,23317,1197.7,1500,-1900
01/29/2017 05:15,SCH - PJ - NY,23316,69.76,2200,-1450
01/29/2017 05:15,SCH - PJM_HTP,325905,0,0,0
01/29/2017 05:15,SCH - PJM_NEPTUNE,325305,660,660,-660
01/29/2017 05:15,SCH - PJM_VFT,325658,160,315,-315
01/29/2017 05:15,SPR/DUN-SOUTH,23320,1301.47,4600,-9999
01/29/2017 05:15,TOTAL EAST,23314,3183,6500,-9999
01/29/2017 05:15,UPNY CONED,23315,455.03,5100,-9999
01/29/2017 05:15,WEST CENTRAL,23312,1324.12,9999,-9999
01/29/2017 05:20,CENTRAL EAST - VC,23330,1831.12,1930,-9999
01/29/2017 05:20,DYSINGER EAST,23326,1592.34,3150,-9999
01/29/2017 05:20,MOSES SOUTH,23319,1392.26,3150,-1600
01/29/2017 05:20,SCH - HQ - NY,23324,1264,1500,-1000
01/29/2017 05:20,SCH - HQ_CEDARS,325274,100,199,-100
01/29/2017 05:20,SCH - HQ_IMPORT_EXPORT,325376,960,1310,-9999
01/29/2017 05:20,SCH - NE - NY,23318,-827.89,1400,-1600
01/29/2017 05:20,SCH - NPX_1385,325277,0,200,-200
01/29/2017 05:20,SCH - NPX_CSC,325154,0,330,-330
01/29/2017 05:20,SCH - OH - NY,23317,1197.76,1500,-1900
01/29/2017 05:20,SCH - PJ - NY,23316,68.21,2200,-1450
01/29/2017 05:20,SCH - PJM_HTP,325905,0,0,0
01/29/2017 05:20,SCH - PJM_NEPTUNE,325305,660,660,-660
01/29/2017 05:20,SCH - PJM_VFT,325658,160,315,-315
01/29/2017 05:20,SPR/DUN-SOUTH,23320,1289.17,4600,-9999
01/29/2017 05:20,TOTAL EAST,23314,3120.14,6500,-9999
01/29/2017 05:20,UPNY CONED,23315,454.17,5100,-9999
01/29/2017 05:20,WEST CENTRAL,23312,1304.02,9999,-9999
01/29/2017 05:25,CENTRAL EAST - VC,23330,1828.82,1930,-9999
01/29/2017 05:25,DYSINGER EAST,23326,1565.59,3150,-9999
01/29/2017 05:25,MOSES SOUTH,23319,1396.88,3150,-1600
01/29/2017 05:25,SCH - HQ - NY,23324,1264,1500,-1000
01/29/2017 05:25,SCH - HQ_CEDARS,325274,100,199,-100
01/29/2017 05:25,SCH - HQ_IMPORT_EXPORT,325376,960,1310,-9999
01/29/2017 05:25,SCH - NE - NY,23318,-827.87,1400,-1600
01/29/2017 05:25,SCH - NPX_1385,325277,0,200,-200
01/29/2017 05:25,SCH - NPX_CSC,325154,0,330,-330
01/29/2017 05:25,SCH - OH - NY,23317,1197.75,1500,-1900
01/29/2017 05:25,SCH - PJ - NY,23316,69,2200,-1450
01/29/2017 05:25,SCH - PJM_HTP,325905,0,0,0
01/29/2017 05:25,SCH - PJM_NEPTUNE,325305,660,660,-660
01/29/2017 05:25,SCH - PJM_VFT,325658,160,315,-315
01/29/2017 05:25,SPR/DUN-SOUTH,23320,1252.8,4600,-9999
01/29/2017 05:25,TOTAL EAST,23314,3068.73,6500,-9999
01/29/2017 05:25,UPNY CONED,23315,425.74,5100,-9999
01/29/2017 05:25,WEST CENTRAL,23312,1280.2,9999,-9999
01/29/2017 05:30,CENTRAL EAST - VC,23330,1814.37,1930,-9999
01/29/2017 05:30,DYSINGER EAST,23326,1470.97,3150,-9999
01/29/2017 05:30,MOSES SOUTH,23319,1436.11,3150,-1600
01/29/2017 05:30,SCH - HQ - NY,23324,1264,1500,-1000
01/29/2017 05:30,SCH - HQ_CEDARS,325274,100,199,-100
01/29/2017 05:30,SCH - HQ_IMPORT_EXPORT,325376,960,1310,-9999
01/29/2017 05:30,SCH - NE - NY,23318,-855.86,1400,-1600
01/29/2017 05:30,SCH - NPX_1385,325277,0,200,-200
01/29/2017 05:30,SCH - NPX_CSC,325154,0,330,-330
01/29/2017 05:30,SCH - OH - NY,23317,1198.16,1500,-1900
01/29/2017 05:30,SCH - PJ - NY,23316,81.16,2200,-1450
01/29/2017 05:30,SCH - PJM_HTP,325905,0,0,0
01/29/2017 05:30,SCH - PJM_NEPTUNE,325305,660,660,-660
01/29/2017 05:30,SCH - PJM_VFT,325658,160,315,-315
01/29/2017 05:30,SPR/DUN-SOUTH,23320,1440.32,4600,-9999
01/29/2017 05:30,TOTAL EAST,23314,3071.83,6500,-9999
01/29/2017 05:30,UPNY CONED,23315,633.49,5100,-9999
01/29/2017 05:30,WEST CENTRAL,23312,1191.51,9999,-9999
01/29/2017 05:35,CENTRAL EAST - VC,23330,1827.16,1930,-9999
01/29/2017 05:35,DYSINGER EAST,23326,1548.12,3150,-9999
01/29/2017 05:35,MOSES SOUTH,23319,1410.64,3150,-1600
01/29/2017 05:35,SCH - HQ - NY,23324,1264,1500,-1000
01/29/2017 05:35,SCH - HQ_CEDARS,325274,100,199,-100
01/29/2017 05:35,SCH - HQ_IMPORT_EXPORT,325376,960,1310,-9999
01/29/2017 05:35,SCH - NE - NY,23318,-884.84,1400,-1600
01/29/2017 05:35,SCH - NPX_1385,325277,0,200,-200
01/29/2017 05:35,SCH - NPX_CSC,325154,0,330,-330
01/29/2017 05:35,SCH - OH - NY,23317,1197.8,1500,-1900
01/29/2017 05:35,SCH - PJ - NY,23316,93.5,2200,-1450
01/29/2017 05:35,SCH - PJM_HTP,325905,0,0,0
01/29/2017 05:35,SCH - PJM_NEPTUNE,325305,660,660,-660
01/29/2017 05:35,SCH - PJM_VFT,325658,160,315,-315
01/29/2017 05:35,SPR/DUN-SOUTH,23320,1461.66,4600,-9999
01/29/2017 05:35,TOTAL EAST,23314,3070.33,6500,-9999
01/29/2017 05:35,UPNY CONED,23315,643.76,5100,-9999
01/29/2017 05:35,WEST CENTRAL,23312,1264.1,9999,-9999
01/29/2017 05:40,CENTRAL EAST - VC,23330,1830.14,1930,-9999
01/29/2017 05:40,DYSINGER EAST,23326,1584.21,3150,-9999
01/29/2017 05:40,MOSES SOUTH,23319,1371.59,3150,-1600
01/29/2017 05:40,SCH - HQ - NY,23324,1264,1500,-1000
01/29/2017 05:40,SCH - HQ_CEDARS,325274,100,199,-100
01/29/2017 05:40,SCH - HQ_IMPORT_EXPORT,325376,960,1310,-9999
01/29/2017 05:40,SCH - NE - NY,23318,-884.37,1400,-1600
01/29/2017 05:40,SCH - NPX_1385,325277,0,200,-200
01/29/2017 05:40,SCH - NPX_CSC,325154,0,330,-330
01/29/2017 05:40,SCH - OH - NY,23317,1197.68,1500,-1900
01/29/2017 05:40,SCH - PJ - NY,23316,91.6,2200,-1450
01/29/2017 05:40,SCH - PJM_HTP,325905,0,0,0
01/29/2017 05:40,SCH - PJM_NEPTUNE,325305,660,660,-660
01/29/2017 05:40,SCH - PJM_VFT,325658,160,315,-315
01/29/2017 05:40,SPR/DUN-SOUTH,23320,1455.44,4600,-9999
01/29/2017 05:40,TOTAL EAST,23314,3089.2,6500,-9999
01/29/2017 05:40,UPNY CONED,23315,640.71,5100,-9999
01/29/2017 05:40,WEST CENTRAL,23312,1290.66,9999,-9999
01/29/2017 05:45,CENTRAL EAST - VC,23330,1828.04,1930,-9999
01/29/2017 05:45,DYSINGER EAST,23326,1571.15,3150,-9999
01/29/2017 05:45,MOSES SOUTH,23319,1387.98,3150,-1600
01/29/2017 05:45,SCH - HQ - NY,23324,1264,1500,-1000
01/29/2017 05:45,SCH - HQ_CEDARS,325274,100,199,-100
01/29/2017 05:45,SCH - HQ_IMPORT_EXPORT,325376,960,1310,-9999
01/29/2017 05:45,SCH - NE - NY,23318,-818.89,1400,-1600
01/29/2017 05:45,SCH - NPX_1385,325277,0,200,-200
01/29/2017 05:45,SCH - NPX_CSC,325154,0,330,-330
01/29/2017 05:45,SCH - OH - NY,23317,1197.67,1500,-1900
01/29/2017 05:45,SCH - PJ - NY,23316,131.45,2200,-1450
01/29/2017 05:45,SCH - PJM_HTP,325905,0,0,0
01/29/2017 05:45,SCH - PJM_NEPTUNE,325305,660,660,-660
01/29/2017 05:45,SCH - PJM_VFT,325658,160,315,-315
01/29/2017 05:45,SPR/DUN-SOUTH,23320,1473.77,4600,-9999
01/29/2017 05:45,TOTAL EAST,23314,3103.78,6500,-9999
01/29/2017 05:45,UPNY CONED,23315,675.25,5100,-9999
01/29/2017 05:45,WEST CENTRAL,23312,1276.07,9999,-9999
01/29/2017 05:50,CENTRAL EAST - VC,23330,1813.42,1930,-9999
01/29/2017 05:50,DYSINGER EAST,23326,1458.7,3150,-9999
01/29/2017 05:50,MOSES SOUTH,23319,1437.46,3150,-1600
01/29/2017 05:50,SCH - HQ - NY,23324,1264,1500,-1000
01/29/2017 05:50,SCH - HQ_CEDARS,325274,100,199,-100
01/29/2017 05:50,SCH - HQ_IMPORT_EXPORT,325376,960,1310,-9999
01/29/2017 05:50,SCH - NE - NY,23318,-753.95,1400,-1600
01/29/2017 05:50,SCH - NPX_1385,325277,0,200,-200
01/29/2017 05:50,SCH - NPX_CSC,325154,0,330,-330
01/29/2017 05:50,SCH - OH - NY,23317,1198.07,1500,-1900
01/29/2017 05:50,SCH - PJ - NY,23316,166.15,2200,-1450
01/29/2017 05:50,SCH - PJM_HTP,325905,0,0,0
01/29/2017 05:50,SCH - PJM_NEPTUNE,325305,660,660,-660
01/29/2017 05:50,SCH - PJM_VFT,325658,160,315,-315
01/29/2017 05:50,SPR/DUN-SOUTH,23320,1547.76,4600,-9999
01/29/2017 05:50,TOTAL EAST,23314,3103.77,6500,-9999
01/29/2017 05:50,UPNY CONED,23315,776.48,5100,-9999
01/29/2017 05:50,WEST CENTRAL,23312,1167.19,9999,-9999
01/29/2017 05:55,CENTRAL EAST - VC,23330,1830.23,1930,-9999
01/29/2017 05:55,DYSINGER EAST,23326,1569.64,3150,-9999
01/29/2017 05:55,MOSES SOUTH,23319,1378.38,3150,-1600
01/29/2017 05:55,SCH - HQ - NY,23324,1264,1500,-1000
01/29/2017 05:55,SCH - HQ_CEDARS,325274,100,199,-100
01/29/2017 05:55,SCH - HQ_IMPORT_EXPORT,325376,960,1310,-9999
01/29/2017 05:55,SCH - NE - NY,23318,-753.5,1400,-1600
01/29/2017 05:55,SCH - NPX_1385,325277,0,200,-200
01/29/2017 05:55,SCH - NPX_CSC,325154,0,330,-330
01/29/2017 05:55,SCH - OH - NY,23317,1197.46,1500,-1900
01/29/2017 05:55,SCH - PJ - NY,23316,167.89,2200,-1450
01/29/2017 05:55,SCH - PJM_HTP,325905,0,0,0
01/29/2017 05:55,SCH - PJM_NEPTUNE,325305,660,660,-660
01/29/2017 05:55,SCH - PJM_VFT,325658,160,315,-315
01/29/2017 05:55,SPR/DUN-SOUTH,23320,1604.57,4600,-9999
01/29/2017 05:55,TOTAL EAST,23314,3087.91,6500,-9999
01/29/2017 05:55,UPNY CONED,23315,831.85,5100,-9999
01/29/2017 05:55,WEST CENTRAL,23312,1270.98,9999,-9999
01/29/2017 06:00,CENTRAL EAST - VC,23330,1822,1930,-9999
01/29/2017 06:00,DYSINGER EAST,23326,1479.21,3150,-9999
01/29/2017 06:00,MOSES SOUTH,23319,1432.76,3150,-1600
01/29/2017 06:00,SCH - HQ - NY,23324,1264,1500,-1000
01/29/2017 06:00,SCH - HQ_CEDARS,325274,100,199,-100
01/29/2017 06:00,SCH - HQ_IMPORT_EXPORT,325376,960,1310,-9999
01/29/2017 06:00,SCH - NE - NY,23318,-840.88,1400,-1600
01/29/2017 06:00,SCH - NPX_1385,325277,0,200,-200
01/29/2017 06:00,SCH - NPX_CSC,325154,0,330,-330
01/29/2017 06:00,SCH - OH - NY,23317,1197.65,1500,-1900
01/29/2017 06:00,SCH - PJ - NY,23316,182.4,2200,-1450
01/29/2017 06:00,SCH - PJM_HTP,325905,0,0,0
01/29/2017 06:00,SCH - PJM_NEPTUNE,325305,660,660,-660
01/29/2017 06:00,SCH - PJM_VFT,325658,237,315,-315
01/29/2017 06:00,SPR/DUN-SOUTH,23320,1483.67,4600,-9999
01/29/2017 06:00,TOTAL EAST,23314,3090.18,6500,-9999
01/29/2017 06:00,UPNY CONED,23315,724.32,5100,-9999
01/29/2017 06:00,WEST CENTRAL,23312,1176.45,9999,-9999
01/29/2017 06:05,CENTRAL EAST - VC,23330,1819.69,1930,-9999
01/29/2017 06:05,DYSINGER EAST,23326,1502.69,3150,-9999
01/29/2017 06:05,MOSES SOUTH,23319,1488.74,3150,-1600
01/29/2017 06:05,SCH - HQ - NY,23324,1265,1500,-1000
01/29/2017 06:05,SCH - HQ_CEDARS,325274,100,199,-100
01/29/2017 06:05,SCH - HQ_IMPORT_EXPORT,325376,961,1310,-9999
01/29/2017 06:05,SCH - NE - NY,23318,-927.81,1400,-1600
01/29/2017 06:05,SCH - NPX_1385,325277,0,200,-200
01/29/2017 06:05,SCH - NPX_CSC,325154,0,330,-330
01/29/2017 06:05,SCH - OH - NY,23317,1197.82,1500,-1900
01/29/2017 06:05,SCH - PJ - NY,23316,197.74,2200,-1450
01/29/2017 06:05,SCH - PJM_HTP,325905,0,0,0
01/29/2017 06:05,SCH - PJM_NEPTUNE,325305,660,660,-660
01/29/2017 06:05,SCH - PJM_VFT,325658,315,315,-315
01/29/2017 06:05,SPR/DUN-SOUTH,23320,1369.91,4600,-9999
01/29/2017 06:05,TOTAL EAST,23314,3166.96,6500,-9999
01/29/2017 06:05,UPNY CONED,23315,626.27,5100,-9999
01/29/2017 06:05,WEST CENTRAL,23312,1198.7,9999,-9999
01/29/2017 06:10,CENTRAL EAST - VC,23330,1830.95,1930,-9999
01/29/2017 06:10,DYSINGER EAST,23326,1645.75,3150,-9999
01/29/2017 06:10,MOSES SOUTH,23319,1376.09,3150,-1600
01/29/2017 06:10,SCH - HQ - NY,23324,1265,1500,-1000
01/29/2017 06:10,SCH - HQ_CEDARS,325274,100,199,-100
01/29/2017 06:10,SCH - HQ_IMPORT_EXPORT,325376,961,1310,-9999
01/29/2017 06:10,SCH - NE - NY,23318,-927.28,1400,-1600
01/29/2017 06:10,SCH - NPX_1385,325277,0,200,-200
01/29/2017 06:10,SCH - NPX_CSC,325154,0,330,-330
01/29/2017 06:10,SCH - OH - NY,23317,1197.24,1500,-1900
01/29/2017 06:10,SCH - PJ - NY,23316,197.8,2200,-1450
01/29/2017 06:10,SCH - PJM_HTP,325905,0,0,0
01/29/2017 06:10,SCH - PJM_NEPTUNE,325305,660,660,-660
01/29/2017 06:10,SCH - PJM_VFT,325658,315,315,-315
01/29/2017 06:10,SPR/DUN-SOUTH,23320,1464.36,4600,-9999
01/29/2017 06:10,TOTAL EAST,23314,3144.44,6500,-9999
01/29/2017 06:10,UPNY CONED,23315,724.78,5100,-9999
01/29/2017 06:10,WEST CENTRAL,23312,1326.64,9999,-9999
01/29/2017 06:15,CENTRAL EAST - VC,23330,1830.32,1930,-9999
01/29/2017 06:15,DYSINGER EAST,23326,1674.01,3150,-9999
01/29/2017 06:15,MOSES SOUTH,23319,1367.49,3150,-1600
01/29/2017 06:15,SCH - HQ - NY,23324,1265,1500,-1000
01/29/2017 06:15,SCH - HQ_CEDARS,325274,100,199,-100
01/29/2017 06:15,SCH - HQ_IMPORT_EXPORT,325376,961,1310,-9999
01/29/2017 06:15,SCH - NE - NY,23318,-880.42,1400,-1600
01/29/2017 06:15,SCH - NPX_1385,325277,0,200,-200
01/29/2017 06:15,SCH - NPX_CSC,325154,0,330,-330
01/29/2017 06:15,SCH - OH - NY,23317,1197.27,1500,-1900
01/29/2017 06:15,SCH - PJ - NY,23316,197.98,2200,-1450
01/29/2017 06:15,SCH - PJM_HTP,325905,0,0,0
01/29/2017 06:15,SCH - PJM_NEPTUNE,325305,660,660,-660
01/29/2017 06:15,SCH - PJM_VFT,325658,306,315,-315
01/29/2017 06:15,SPR/DUN-SOUTH,23320,1495.5,4600,-9999
01/29/2017 06:15,TOTAL EAST,23314,3158.57,6500,-9999
01/29/2017 06:15,UPNY CONED,23315,783.47,5100,-9999
01/29/2017 06:15,WEST CENTRAL,23312,1348.44,9999,-9999
01/29/2017 06:20,CENTRAL EAST - VC,23330,1830.04,1930,-9999
01/29/2017 06:20,DYSINGER EAST,23326,1552.35,3150,-9999
01/29/2017 06:20,MOSES SOUTH,23319,1480.77,3150,-1600
01/29/2017 06:20,SCH - HQ - NY,23324,1265,1500,-1000
01/29/2017 06:20,SCH - HQ_CEDARS,325274,100,199,-100
01/29/2017 06:20,SCH - HQ_IMPORT_EXPORT,325376,961,1310,-9999
01/29/2017 06:20,SCH - NE - NY,23318,-833.46,1400,-1600
01/29/2017 06:20,SCH - NPX_1385,325277,0,200,-200
01/29/2017 06:20,SCH - NPX_CSC,325154,0,330,-330
01/29/2017 06:20,SCH - OH - NY,23317,1197.78,1500,-1900
01/29/2017 06:20,SCH - PJ - NY,23316,197.05,2200,-1450
01/29/2017 06:20,SCH - PJM_HTP,325905,0,0,0
01/29/2017 06:20,SCH - PJM_NEPTUNE,325305,660,660,-660
01/29/2017 06:20,SCH - PJM_VFT,325658,297,315,-315
01/29/2017 06:20,SPR/DUN-SOUTH,23320,1529.46,4600,-9999
01/29/2017 06:20,TOTAL EAST,23314,3100.29,6500,-9999
01/29/2017 06:20,UPNY CONED,23315,830.06,5100,-9999
01/29/2017 06:20,WEST CENTRAL,23312,1231.9,9999,-9999
01/29/2017 06:25,CENTRAL EAST - VC,23330,1829.37,1930,-9999
01/29/2017 06:25,DYSINGER EAST,23326,1635.34,3150,-9999
01/29/2017 06:25,MOSES SOUTH,23319,1426.67,3150,-1600
01/29/2017 06:25,SCH - HQ - NY,23324,1265,1500,-1000
01/29/2017 06:25,SCH - HQ_CEDARS,325274,100,199,-100
01/29/2017 06:25,SCH - HQ_IMPORT_EXPORT,325376,961,1310,-9999
01/29/2017 06:25,SCH - NE - NY,23318,-833.41,1400,-1600
01/29/2017 06:25,SCH - NPX_1385,325277,0,200,-200
01/29/2017 06:25,SCH - NPX_CSC,325154,0,330,-330
01/29/2017 06:25,SCH - OH - NY,23317,1197.59,1500,-1900
01/29/2017 06:25,SCH - PJ - NY,23316,197.85,2200,-1450
01/29/2017 06:25,SCH - PJM_HTP,325905,0,0,0
01/29/2017 06:25,SCH - PJM_NEPTUNE,325305,660,660,-660
01/29/2017 06:25,SCH - PJM_VFT,325658,297,315,-315
01/29/2017 06:25,SPR/DUN-SOUTH,23320,1521.95,4600,-9999
01/29/2017 06:25,TOTAL EAST,23314,3156.22,6500,-9999
01/29/2017 06:25,UPNY CONED,23315,831.78,5100,-9999
01/29/2017 06:25,WEST CENTRAL,23312,1308.85,9999,-9999
01/29/2017 06:30,CENTRAL EAST - VC,23330,1827.44,1930,-9999
01/29/2017 06:30,DYSINGER EAST,23326,1665.24,3150,-9999
01/29/2017 06:30,MOSES SOUTH,23319,1417.06,3150,-1600
01/29/2017 06:30,SCH - HQ - NY,23324,1265,1500,-1000
01/29/2017 06:30,SCH - HQ_CEDARS,325274,100,199,-100
01/29/2017 06:30,SCH - HQ_IMPORT_EXPORT,325376,961,1310,-9999
01/29/2017 06:30,SCH - NE - NY,23318,-906.26,1400,-1600
01/29/2017 06:30,SCH - NPX_1385,325277,0,200,-200
01/29/2017 06:30,SCH - NPX_CSC,325154,0,330,-330
01/29/2017 06:30,SCH - OH - NY,23317,1197.68,1500,-1900
01/29/2017 06:30,SCH - PJ - NY,23316,195.28,2200,-1450
01/29/2017 06:30,SCH - PJM_HTP,325905,0,0,0
01/29/2017 06:30,SCH - PJM_NEPTUNE,325305,660,660,-660
01/29/2017 06:30,SCH - PJM_VFT,325658,306,315,-315
01/29/2017 06:30,SPR/DUN-SOUTH,23320,1465.67,4600,-9999
01/29/2017 06:30,TOTAL EAST,23314,3211.31,6500,-9999
01/29/2017 06:30,UPNY CONED,23315,769.8,5100,-9999
01/29/2017 06:30,WEST CENTRAL,23312,1335.18,9999,-9999
01/29/2017 06:35,CENTRAL EAST - VC,23330,1825.6,1930,-9999
01/29/2017 06:35,DYSINGER EAST,23326,1659.78,3150,-9999
01/29/2017 06:35,MOSES SOUTH,23319,1426.67,3150,-1600
01/29/2017 06:35,SCH - HQ - NY,23324,1265,1500,-1000
01/29/2017 06:35,SCH - HQ_CEDARS,325274,100,199,-100
01/29/2017 06:35,SCH - HQ_IMPORT_EXPORT,325376,961,1310,-9999
01/29/2017 06:35,SCH - NE - NY,23318,-979.15,1400,-1600
01/29/2017 06:35,SCH - NPX_1385,325277,0,200,-200
01/29/2017 06:35,SCH - NPX_CSC,325154,0,330,-330
01/29/2017 06:35,SCH - OH - NY,23317,1197.67,1500,-1900
01/29/2017 06:35,SCH - PJ - NY,23316,196.54,2200,-1450
01/29/2017 06:35,SCH - PJM_HTP,325905,0,0,0
01/29/2017 06:35,SCH - PJM_NEPTUNE,325305,660,660,-660
01/29/2017 06:35,SCH - PJM_VFT,325658,315,315,-315
01/29/2017 06:35,SPR/DUN-SOUTH,23320,1427.71,4600,-9999
01/29/2017 06:35,TOTAL EAST,23314,3179.28,6500,-9999
01/29/2017 06:35,UPNY CONED,23315,721.4,5100,-9999
01/29/2017 06:35,WEST CENTRAL,23312,1334.34,9999,-9999
01/29/2017 06:40,CENTRAL EAST - VC,23330,1828.2,1930,-9999
01/29/2017 06:40,DYSINGER EAST,23326,1628.33,3150,-9999
01/29/2017 06:40,MOSES SOUTH,23319,1431.81,3150,-1600
01/29/2017 06:40,SCH - HQ - NY,23324,1265,1500,-1000
01/29/2017 06:40,SCH - HQ_CEDARS,325274,100,199,-100
01/29/2017 06:40,SCH - HQ_IMPORT_EXPORT,325376,961,1310,-9999
01/29/2017 06:40,SCH - NE - NY,23318,-979.1,1400,-1600
01/29/2017 06:40,SCH - NPX_1385,325277,0,200,-200
01/29/2017 06:40,SCH - NPX_CSC,325154,0,330,-330
01/29/2017 06:40,SCH - OH - NY,23317,1197.71,1500,-1900
01/29/2017 06:40,SCH - PJ - NY,23316,196.59,2200,-1450
01/29/2017 06:40,SCH - PJM_HTP,325905,0,0,0
01/29/2017 06:40,SCH - PJM_NEPTUNE,325305,660,660,-660
01/29/2017 06:40,SCH - PJM_VFT,325658,315,315,-315
01/29/2017 06:40,SPR/DUN-SOUTH,23320,1461.97,4600,-9999
01/29/2017 06:40,TOTAL EAST,23314,3160.43,6500,-9999
01/29/2017 06:40,UPNY CONED,23315,762.04,5100,-9999
01/29/2017 06:40,WEST CENTRAL,23312,1303.07,9999,-9999
01/29/2017 06:45,CENTRAL EAST - VC,23330,1831.04,1930,-9999
01/29/2017 06:45,DYSINGER EAST,23326,1623.61,3150,-9999
01/29/2017 06:45,MOSES SOUTH,23319,1443.61,3150,-1600
01/29/2017 06:45,SCH - HQ - NY,23324,1265,1500,-1000
01/29/2017 06:45,SCH - HQ_CEDARS,325274,100,199,-100
01/29/2017 06:45,SCH - HQ_IMPORT_EXPORT,325376,961,1310,-9999
01/29/2017 06:45,SCH - NE - NY,23318,-912.25,1400,-1600
01/29/2017 06:45,SCH - NPX_1385,325277,0,200,-200
01/29/2017 06:45,SCH - NPX_CSC,325154,0,330,-330
01/29/2017 06:45,SCH - OH - NY,23317,1197.62,1500,-1900
01/29/2017 06:45,SCH - PJ - NY,23316,195.3,2200,-1450
01/29/2017 06:45,SCH - PJM_HTP,325905,0,0,0
01/29/2017 06:45,SCH - PJM_NEPTUNE,325305,660,660,-660
01/29/2017 06:45,SCH - PJM_VFT,325658,315,315,-315
01/29/2017 06:45,SPR/DUN-SOUTH,23320,1506.62,4600,-9999
01/29/2017 06:45,TOTAL EAST,23314,3133.56,6500,-9999
01/29/2017 06:45,UPNY CONED,23315,814.22,5100,-9999
01/29/2017 06:45,WEST CENTRAL,23312,1296.92,9999,-9999
01/29/2017 06:50,CENTRAL EAST - VC,23330,1830.88,1930,-9999
01/29/2017 06:50,DYSINGER EAST,23326,1643.78,3150,-9999
01/29/2017 06:50,MOSES SOUTH,23319,1456.38,3150,-1600
01/29/2017 06:50,SCH - HQ - NY,23324,1265,1500,-1000
01/29/2017 06:50,SCH - HQ_CEDARS,325274,100,199,-100
01/29/2017 06:50,SCH - HQ_IMPORT_EXPORT,325376,961,1310,-9999
01/29/2017 06:50,SCH - NE - NY,23318,-845.37,1400,-1600
01/29/2017 06:50,SCH - NPX_1385,325277,0,200,-200
01/29/2017 06:50,SCH - NPX_CSC,325154,0,330,-330
01/29/2017 06:50,SCH - OH - NY,23317,1197.72,1500,-1900
01/29/2017 06:50,SCH - PJ - NY,23316,194.55,2200,-1450
01/29/2017 06:50,SCH - PJM_HTP,325905,0,0,0
01/29/2017 06:50,SCH - PJM_NEPTUNE,325305,660,660,-660
01/29/2017 06:50,SCH - PJM_VFT,325658,315,315,-315
01/29/2017 06:50,SPR/DUN-SOUTH,23320,1558.93,4600,-9999
01/29/2017 06:50,TOTAL EAST,23314,3143.72,6500,-9999
01/29/2017 06:50,UPNY CONED,23315,879.37,5100,-9999
01/29/2017 06:50,WEST CENTRAL,23312,1310.65,9999,-9999
01/29/2017 06:55,CENTRAL EAST - VC,23330,1822.94,1930,-9999
01/29/2017 06:55,DYSINGER EAST,23326,1647.23,3150,-9999
01/29/2017 06:55,MOSES SOUTH,23319,1483.12,3150,-1600
01/29/2017 06:55,SCH - HQ - NY,23324,1265,1500,-1000
01/29/2017 06:55,SCH - HQ_CEDARS,325274,100,199,-100
01/29/2017 06:55,SCH - HQ_IMPORT_EXPORT,325376,961,1310,-9999
01/29/2017 06:55,SCH - NE - NY,23318,-845.86,1400,-1600
01/29/2017 06:55,SCH - NPX_1385,325277,0,200,-200
01/29/2017 06:55,SCH - NPX_CSC,325154,0,330,-330
01/29/2017 06:55,SCH - OH - NY,23317,1198.02,1500,-1900
01/29/2017 06:55,SCH - PJ - NY,23316,197.87,2200,-1450
01/29/2017 06:55,SCH - PJM_HTP,325905,0,0,0
01/29/2017 06:55,SCH - PJM_NEPTUNE,325305,660,660,-660
01/29/2017 06:55,SCH - PJM_VFT,325658,315,315,-315
01/29/2017 06:55,SPR/DUN-SOUTH,23320,1495.22,4600,-9999
01/29/2017 06:55,TOTAL EAST,23314,3197.21,6500,-9999
01/29/2017 06:55,UPNY CONED,23315,809.99,5100,-9999
01/29/2017 06:55,WEST CENTRAL,23312,1309.02,9999,-9999
01/29/2017 07:00,CENTRAL EAST - VC,23330,1830.57,1930,-9999
01/29/2017 07:00,DYSINGER EAST,23326,1669.06,3150,-9999
01/29/2017 07:00,MOSES SOUTH,23319,1499.48,3150,-1600
01/29/2017 07:00,SCH - HQ - NY,23324,1254,1500,-1000
01/29/2017 07:00,SCH - HQ_CEDARS,325274,100,199,-100
01/29/2017 07:00,SCH - HQ_IMPORT_EXPORT,325376,950,1310,-9999
01/29/2017 07:00,SCH - NE - NY,23318,-745.92,1400,-1600
01/29/2017 07:00,SCH - NPX_1385,325277,19,200,-200
01/29/2017 07:00,SCH - NPX_CSC,325154,0,330,-330
01/29/2017 07:00,SCH - OH - NY,23317,1197.77,1500,-1900
01/29/2017 07:00,SCH - PJ - NY,23316,227.75,2200,-1450
01/29/2017 07:00,SCH - PJM_HTP,325905,0,0,0
01/29/2017 07:00,SCH - PJM_NEPTUNE,325305,488,660,-660
01/29/2017 07:00,SCH - PJM_VFT,325658,290,315,-315
01/29/2017 07:00,SPR/DUN-SOUTH,23320,1517.97,4600,-9999
01/29/2017 07:00,TOTAL EAST,23314,3243.91,6500,-9999
01/29/2017 07:00,UPNY CONED,23315,979.87,5100,-9999
01/29/2017 07:00,WEST CENTRAL,23312,1328.12,9999,-9999
01/29/2017 07:05,CENTRAL EAST - VC,23330,1830.73,1930,-9999
01/29/2017 07:05,DYSINGER EAST,23326,1663.34,3150,-9999
01/29/2017 07:05,MOSES SOUTH,23319,1497.02,3150,-1600
01/29/2017 07:05,SCH - HQ - NY,23324,1243,1500,-1000
01/29/2017 07:05,SCH - HQ_CEDARS,325274,100,199,-100
01/29/2017 07:05,SCH - HQ_IMPORT_EXPORT,325376,939,1310,-9999
01/29/2017 07:05,SCH - NE - NY,23318,-646,1400,-1600
01/29/2017 07:05,SCH - NPX_1385,325277,39,200,-200
01/29/2017 07:05,SCH - NPX_CSC,325154,0,330,-330
01/29/2017 07:05,SCH - OH - NY,23317,1197.83,1500,-1900
01/29/2017 07:05,SCH - PJ - NY,23316,258.8,2200,-1450
01/29/2017 07:05,SCH - PJM_HTP,325905,0,0,0
01/29/2017 07:05,SCH - PJM_NEPTUNE,325305,316,660,-660
01/29/2017 07:05,SCH - PJM_VFT,325658,265,315,-315
01/29/2017 07:05,SPR/DUN-SOUTH,23320,1532.59,4600,-9999
01/29/2017 07:05,TOTAL EAST,23314,3263.5,6500,-9999
01/29/2017 07:05,UPNY CONED,23315,1150.72,5100,-9999
01/29/2017 07:05,WEST CENTRAL,23312,1316.15,9999,-9999
01/29/2017 07:10,CENTRAL EAST - VC,23330,1831.68,1930,-9999
01/29/2017 07:10,DYSINGER EAST,23326,1714.94,3150,-9999
01/29/2017 07:10,MOSES SOUTH,23319,1473.25,3150,-1600
01/29/2017 07:10,SCH - HQ - NY,23324,1243,1500,-1000
01/29/2017 07:10,SCH - HQ_CEDARS,325274,100,199,-100
01/29/2017 07:10,SCH - HQ_IMPORT_EXPORT,325376,939,1310,-9999
01/29/2017 07:10,SCH - NE - NY,23318,-645.63,1400,-1600
01/29/2017 07:10,SCH - NPX_1385,325277,39,200,-200
01/29/2017 07:10,SCH - NPX_CSC,325154,0,330,-330
01/29/2017 07:10,SCH - OH - NY,23317,1197.69,1500,-1900
01/29/2017 07:10,SCH - PJ - NY,23316,258.85,2200,-1450
01/29/2017 07:10,SCH - PJM_HTP,325905,0,0,0
01/29/2017 07:10,SCH - PJM_NEPTUNE,325305,316,660,-660
01/29/2017 07:10,SCH - PJM_VFT,325658,265,315,-315
01/29/2017 07:10,SPR/DUN-SOUTH,23320,1500.43,4600,-9999
01/29/2017 07:10,TOTAL EAST,23314,3389.18,6500,-9999
01/29/2017 07:10,UPNY CONED,23315,1125.3,5100,-9999
01/29/2017 07:10,WEST CENTRAL,23312,1359.05,9999,-9999
01/29/2017 07:15,CENTRAL EAST - VC,23330,1860.02,2045,-9999
01/29/2017 07:15,DYSINGER EAST,23326,1658.85,3150,-9999
01/29/2017 07:15,MOSES SOUTH,23319,1592.86,3150,-1600
01/29/2017 07:15,SCH - HQ - NY,23324,1243,1500,-1000
01/29/2017 07:15,SCH - HQ_CEDARS,325274,100,199,-100
01/29/2017 07:15,SCH - HQ_IMPORT_EXPORT,325376,939,1310,-9999
01/29/2017 07:15,SCH - NE - NY,23318,-698.59,1400,-1600
01/29/2017 07:15,SCH - NPX_1385,325277,39,200,-200
01/29/2017 07:15,SCH - NPX_CSC,325154,0,330,-330
01/29/2017 07:15,SCH - OH - NY,23317,1198.14,1500,-1900
01/29/2017 07:15,SCH - PJ - NY,23316,295.5,2200,-1450
01/29/2017 07:15,SCH - PJM_HTP,325905,0,0,0
01/29/2017 07:15,SCH - PJM_NEPTUNE,325305,316,660,-660
01/29/2017 07:15,SCH - PJM_VFT,325658,245,315,-315
01/29/2017 07:15,SPR/DUN-SOUTH,23320,1487.64,4600,-9999
01/29/2017 07:15,TOTAL EAST,23314,3473.27,6500,-9999
01/29/2017 07:15,UPNY CONED,23315,1114.56,5100,-9999
01/29/2017 07:15,WEST CENTRAL,23312,1299.73,9999,-9999
01/29/2017 07:20,CENTRAL EAST - VC,23330,1936.27,2045,-9999
01/29/2017 07:20,DYSINGER EAST,23326,1739.73,3150,-9999
01/29/2017 07:20,MOSES SOUTH,23319,1533.84,3150,-1600
01/29/2017 07:20,SCH - HQ - NY,23324,1243,1500,-1000
01/29/2017 07:20,SCH - HQ_CEDARS,325274,100,199,-100
01/29/2017 07:20,SCH - HQ_IMPORT_EXPORT,325376,939,1310,-9999
01/29/2017 07:20,SCH - NE - NY,23318,-752.49,1400,-1600
01/29/2017 07:20,SCH - NPX_1385,325277,39,200,-200
01/29/2017 07:20,SCH - NPX_CSC,325154,0,330,-330
01/29/2017 07:20,SCH - OH - NY,23317,1198.05,1500,-1900
01/29/2017 07:20,SCH - PJ - NY,23316,334.64,2200,-1450
01/29/2017 07:20,SCH - PJM_HTP,325905,0,0,0
01/29/2017 07:20,SCH - PJM_NEPTUNE,325305,316,660,-660
01/29/2017 07:20,SCH - PJM_VFT,325658,226,315,-315
01/29/2017 07:20,SPR/DUN-SOUTH,23320,1523.2,4600,-9999
01/29/2017 07:20,TOTAL EAST,23314,3608.31,6500,-9999
01/29/2017 07:20,UPNY CONED,23315,1153.32,5100,-9999
01/29/2017 07:20,WEST CENTRAL,23312,1377.33,9999,-9999
01/29/2017 07:25,CENTRAL EAST - VC,23330,1945.35,2045,-9999
01/29/2017 07:25,DYSINGER EAST,23326,1690.11,3150,-9999
01/29/2017 07:25,MOSES SOUTH,23319,1544.35,3150,-1600
01/29/2017 07:25,SCH - HQ - NY,23324,1243,1500,-1000
01/29/2017 07:25,SCH - HQ_CEDARS,325274,100,199,-100
01/29/2017 07:25,SCH - HQ_IMPORT_EXPORT,325376,939,1310,-9999
01/29/2017 07:25,SCH - NE - NY,23318,-752.47,1400,-1600
01/29/2017 07:25,SCH - NPX_1385,325277,39,200,-200
01/29/2017 07:25,SCH - NPX_CSC,325154,0,330,-330
01/29/2017 07:25,SCH - OH - NY,23317,1198.1,1500,-1900
01/29/2017 07:25,SCH - PJ - NY,23316,333.47,2200,-1450
01/29/2017 07:25,SCH - PJM_HTP,325905,0,0,0
01/29/2017 07:25,SCH - PJM_NEPTUNE,325305,316,660,-660
01/29/2017 07:25,SCH - PJM_VFT,325658,226,315,-315
01/29/2017 07:25,SPR/DUN-SOUTH,23320,1491.85,4600,-9999
01/29/2017 07:25,TOTAL EAST,23314,3634.55,6500,-9999
01/29/2017 07:25,UPNY CONED,23315,1124.63,5100,-9999
01/29/2017 07:25,WEST CENTRAL,23312,1327.88,9999,-9999
01/29/2017 07:30,CENTRAL EAST - VC,23330,1945.01,2045,-9999
01/29/2017 07:30,DYSINGER EAST,23326,1651.02,3150,-9999
01/29/2017 07:30,MOSES SOUTH,23319,1558.24,3150,-1600
01/29/2017 07:30,SCH - HQ - NY,23324,1243,1500,-1000
01/29/2017 07:30,SCH - HQ_CEDARS,325274,100,199,-100
01/29/2017 07:30,SCH - HQ_IMPORT_EXPORT,325376,939,1310,-9999
01/29/2017 07:30,SCH - NE - NY,23318,-771.48,1400,-1600
01/29/2017 07:30,SCH - NPX_1385,325277,39,200,-200
01/29/2017 07:30,SCH - NPX_CSC,325154,0,330,-330
01/29/2017 07:30,SCH - OH - NY,23317,1198.1,1500,-1900
01/29/2017 07:30,SCH - PJ - NY,23316,324.41,2200,-1450
01/29/2017 07:30,SCH - PJM_HTP,325905,0,0,0
01/29/2017 07:30,SCH - PJM_NEPTUNE,325305,316,660,-660
01/29/2017 07:30,SCH - PJM_VFT,325658,245,315,-315
01/29/2017 07:30,SPR/DUN-SOUTH,23320,1468.38,4600,-9999
01/29/2017 07:30,TOTAL EAST,23314,3644.49,6500,-9999
01/29/2017 07:30,UPNY CONED,23315,1115.48,5100,-9999
01/29/2017 07:30,WEST CENTRAL,23312,1293.36,9999,-9999
01/29/2017 07:35,CENTRAL EAST - VC,23330,1935.43,2045,-9999
01/29/2017 07:35,DYSINGER EAST,23326,1603.34,3150,-9999
01/29/2017 07:35,MOSES SOUTH,23319,1633.15,3150,-1600
01/29/2017 07:35,SCH - HQ - NY,23324,1243,1500,-1000
01/29/2017 07:35,SCH - HQ_CEDARS,325274,100,199,-100
01/29/2017 07:35,SCH - HQ_IMPORT_EXPORT,325376,939,1310,-9999
01/29/2017 07:35,SCH - NE - NY,23318,-791.5,1400,-1600
01/29/2017 07:35,SCH - NPX_1385,325277,39,200,-200
01/29/2017 07:35,SCH - NPX_CSC,325154,0,330,-330
01/29/2017 07:35,SCH - OH - NY,23317,1198.38,1500,-1900
01/29/2017 07:35,SCH - PJ - NY,23316,314.36,2200,-1450
01/29/2017 07:35,SCH - PJM_HTP,325905,0,0,0
01/29/2017 07:35,SCH - PJM_NEPTUNE,325305,316,660,-660
01/29/2017 07:35,SCH - PJM_VFT,325658,265,315,-315
01/29/2017 07:35,SPR/DUN-SOUTH,23320,1391.97,4600,-9999
01/29/2017 07:35,TOTAL EAST,23314,3695.08,6500,-9999
01/29/2017 07:35,UPNY CONED,23315,1038.35,5100,-9999
01/29/2017 07:35,WEST CENTRAL,23312,1245.23,9999,-9999
01/29/2017 07:40,CENTRAL EAST - VC,23330,1944.62,2045,-9999
01/29/2017 07:40,DYSINGER EAST,23326,1671.76,3150,-9999
01/29/2017 07:40,MOSES SOUTH,23319,1582.37,3150,-1600
01/29/2017 07:40,SCH - HQ - NY,23324,1243,1500,-1000
01/29/2017 07:40,SCH - HQ_CEDARS,325274,100,199,-100
01/29/2017 07:40,SCH - HQ_IMPORT_EXPORT,325376,939,1310,-9999
01/29/2017 07:40,SCH - NE - NY,23318,-791.45,1400,-1600
01/29/2017 07:40,SCH - NPX_1385,325277,39,200,-200
01/29/2017 07:40,SCH - NPX_CSC,325154,0,330,-330
01/29/2017 07:40,SCH - OH - NY,23317,1198.1,1500,-1900
01/29/2017 07:40,SCH - PJ - NY,23316,315.54,2200,-1450
01/29/2017 07:40,SCH - PJM_HTP,325905,0,0,0
01/29/2017 07:40,SCH - PJM_NEPTUNE,325305,316,660,-660
01/29/2017 07:40,SCH - PJM_VFT,325658,265,315,-315
01/29/2017 07:40,SPR/DUN-SOUTH,23320,1436.46,4600,-9999
01/29/2017 07:40,TOTAL EAST,23314,3663.9,6500,-9999
01/29/2017 07:40,UPNY CONED,23315,1074.03,5100,-9999
01/29/2017 07:40,WEST CENTRAL,23312,1306.54,9999,-9999
01/29/2017 07:45,CENTRAL EAST - VC,23330,1945.59,2045,-9999
01/29/2017 07:45,DYSINGER EAST,23326,1663.7,3150,-9999
01/29/2017 07:45,MOSES SOUTH,23319,1573.26,3150,-1600
01/29/2017 07:45,SCH - HQ - NY,23324,1243,1500,-1000
01/29/2017 07:45,SCH - HQ_CEDARS,325274,100,199,-100
01/29/2017 07:45,SCH - HQ_IMPORT_EXPORT,325376,939,1310,-9999
01/29/2017 07:45,SCH - NE - NY,23318,-740.5,1400,-1600
01/29/2017 07:45,SCH - NPX_1385,325277,39,200,-200
01/29/2017 07:45,SCH - NPX_CSC,325154,0,330,-330
01/29/2017 07:45,SCH - OH - NY,23317,1198.22,1500,-1900
01/29/2017 07:45,SCH - PJ - NY,23316,285.25,2200,-1450
01/29/2017 07:45,SCH - PJM_HTP,325905,0,0,0
01/29/2017 07:45,SCH - PJM_NEPTUNE,325305,316,660,-660
01/29/2017 07:45,SCH - PJM_VFT,325658,265,315,-315
01/29/2017 07:45,SPR/DUN-SOUTH,23320,1468.57,4600,-9999
01/29/2017 07:45,TOTAL EAST,23314,3645.42,6500,-9999
01/29/2017 07:45,UPNY CONED,23315,1113.71,5100,-9999
01/29/2017 07:45,WEST CENTRAL,23312,1299.04,9999,-9999
01/29/2017 07:50,CENTRAL EAST - VC,23330,1944.83,2045,-9999
01/29/2017 07:50,DYSINGER EAST,23326,1731.95,3150,-9999
01/29/2017 07:50,MOSES SOUTH,23319,1566.32,3150,-1600
01/29/2017 07:50,SCH - HQ - NY,23324,1243,1500,-1000
01/29/2017 07:50,SCH - HQ_CEDARS,325274,100,199,-100
01/29/2017 07:50,SCH - HQ_IMPORT_EXPORT,325376,939,1310,-9999
01/29/2017 07:50,SCH - NE - NY,23318,-689.57,1400,-1600
01/29/2017 07:50,SCH - NPX_1385,325277,39,200,-200
01/29/2017 07:50,SCH - NPX_CSC,325154,0,330,-330
01/29/2017 07:50,SCH - OH - NY,23317,1198.14,1500,-1900
01/29/2017 07:50,SCH - PJ - NY,23316,258.58,2200,-1450
01/29/2017 07:50,SCH - PJM_HTP,325905,0,0,0
01/29/2017 07:50,SCH - PJM_NEPTUNE,325305,316,660,-660
01/29/2017 07:50,SCH - PJM_VFT,325658,265,315,-315
01/29/2017 07:50,SPR/DUN-SOUTH,23320,1508.75,4600,-9999
01/29/2017 07:50,TOTAL EAST,23314,3624.03,6500,-9999
01/29/2017 07:50,UPNY CONED,23315,1163.56,5100,-9999
01/29/2017 07:50,WEST CENTRAL,23312,1367.5,9999,-9999
01/29/2017 07:55,CENTRAL EAST - VC,23330,1944.55,2045,-9999
01/29/2017 07:55,DYSINGER EAST,23326,1740.84,3150,-9999
01/29/2017 07:55,MOSES SOUTH,23319,1587.25,3150,-1600
01/29/2017 07:55,SCH - HQ - NY,23324,1243,1500,-1000
01/29/2017 07:55,SCH - HQ_CEDARS,325274,100,199,-100
01/29/2017 07:55,SCH - HQ_IMPORT_EXPORT,325376,939,1310,-9999
01/29/2017 07:55,SCH - NE - NY,23318,-689.55,1400,-1600
01/29/2017 07:55,SCH - NPX_1385,325277,39,200,-200
01/29/2017 07:55,SCH - NPX_CSC,325154,0,330,-330
01/29/2017 07:55,SCH - OH - NY,23317,1198.18,1500,-1900
01/29/2017 07:55,SCH - PJ - NY,23316,256.86,2200,-1450
01/29/2017 07:55,SCH - PJM_HTP,325905,0,0,0
01/29/2017 07:55,SCH - PJM_NEPTUNE,325305,316,660,-660
01/29/2017 07:55,SCH - PJM_VFT,325658,265,315,-315
01/29/2017 07:55,SPR/DUN-SOUTH,23320,1543.33,4600,-9999
01/29/2017 07:55,TOTAL EAST,23314,3603.62,6500,-9999
01/29/2017 07:55,UPNY CONED,23315,1191.22,5100,-9999
01/29/2017 07:55,WEST CENTRAL,23312,1371.32,9999,-9999
01/29/2017 08:00,CENTRAL EAST - VC,23330,1941.42,2045,-9999
01/29/2017 08:00,DYSINGER EAST,23326,1596.85,3150,-9999
01/29/2017 08:00,MOSES SOUTH,23319,1757.64,3150,-1600
01/29/2017 08:00,SCH - HQ - NY,23324,1310,1500,-1000
01/29/2017 08:00,SCH - HQ_CEDARS,325274,142,199,-100
01/29/2017 08:00,SCH - HQ_IMPORT_EXPORT,325376,1006,1310,-9999
01/29/2017 08:00,SCH - NE - NY,23318,-686.99,1400,-1600
01/29/2017 08:00,SCH - NPX_1385,325277,19,200,-200
01/29/2017 08:00,SCH - NPX_CSC,325154,0,330,-330
01/29/2017 08:00,SCH - OH - NY,23317,1191.66,1500,-1900
01/29/2017 08:00,SCH - PJ - NY,23316,210.74,2200,-1450
01/29/2017 08:00,SCH - PJM_HTP,325905,0,0,0
01/29/2017 08:00,SCH - PJM_NEPTUNE,325305,410,660,-660
01/29/2017 08:00,SCH - PJM_VFT,325658,220,315,-315
01/29/2017 08:00,SPR/DUN-SOUTH,23320,1578.77,4600,-9999
01/29/2017 08:00,TOTAL EAST,23314,3619.78,6500,-9999
01/29/2017 08:00,UPNY CONED,23315,1170.7,5100,-9999
01/29/2017 08:00,WEST CENTRAL,23312,1233.1,9999,-9999
01/29/2017 08:05,CENTRAL EAST - VC,23330,1944.81,2045,-9999
01/29/2017 08:05,DYSINGER EAST,23326,1608.2,3150,-9999
01/29/2017 08:05,MOSES SOUTH,23319,1832.43,3150,-1600
01/29/2017 08:05,SCH - HQ - NY,23324,1378,1500,-1000
01/29/2017 08:05,SCH - HQ_CEDARS,325274,185,199,-100
01/29/2017 08:05,SCH - HQ_IMPORT_EXPORT,325376,1074,1310,-9999
01/29/2017 08:05,SCH - NE - NY,23318,-685,1400,-1600
01/29/2017 08:05,SCH - NPX_1385,325277,0,200,-200
01/29/2017 08:05,SCH - NPX_CSC,325154,0,330,-330
01/29/2017 08:05,SCH - OH - NY,23317,1185.58,1500,-1900
01/29/2017 08:05,SCH - PJ - NY,23316,168.21,2200,-1450
01/29/2017 08:05,SCH - PJM_HTP,325905,0,0,0
01/29/2017 08:05,SCH - PJM_NEPTUNE,325305,505,660,-660
01/29/2017 08:05,SCH - PJM_VFT,325658,175,315,-315
01/29/2017 08:05,SPR/DUN-SOUTH,23320,1664.06,4600,-9999
01/29/2017 08:05,TOTAL EAST,23314,3611.19,6500,-9999
01/29/2017 08:05,UPNY CONED,23315,1197.38,5100,-9999
01/29/2017 08:05,WEST CENTRAL,23312,1239.44,9999,-9999
01/29/2017 08:10,CENTRAL EAST - VC,23330,1944.2,2045,-9999
01/29/2017 08:10,DYSINGER EAST,23326,1629.4,3150,-9999
01/29/2017 08:10,MOSES SOUTH,23319,1788.02,3150,-1600
01/29/2017 08:10,SCH - HQ - NY,23324,1378,1500,-1000
01/29/2017 08:10,SCH - HQ_CEDARS,325274,185,199,-100
01/29/2017 08:10,SCH - HQ_IMPORT_EXPORT,325376,1074,1310,-9999
01/29/2017 08:10,SCH - NE - NY,23318,-684.5,1400,-1600
01/29/2017 08:10,SCH - NPX_1385,325277,0,200,-200
01/29/2017 08:10,SCH - NPX_CSC,325154,0,330,-330
01/29/2017 08:10,SCH - OH - NY,23317,1185.09,1500,-1900
01/29/2017 08:10,SCH - PJ - NY,23316,166.77,2200,-1450
01/29/2017 08:10,SCH - PJM_HTP,325905,0,0,0
01/29/2017 08:10,SCH - PJM_NEPTUNE,325305,505,660,-660
01/29/2017 08:10,SCH - PJM_VFT,325658,175,315,-315
01/29/2017 08:10,SPR/DUN-SOUTH,23320,1638.17,4600,-9999
01/29/2017 08:10,TOTAL EAST,23314,3466.1,6500,-9999
01/29/2017 08:10,UPNY CONED,23315,1177.84,5100,-9999
01/29/2017 08:10,WEST CENTRAL,23312,1244.38,9999,-9999
01/29/2017 08:15,CENTRAL EAST - VC,23330,1936.66,2045,-9999
01/29/2017 08:15,DYSINGER EAST,23326,1684.83,3150,-9999
01/29/2017 08:15,MOSES SOUTH,23319,1769.1,3150,-1600
01/29/2017 08:15,SCH - HQ - NY,23324,1378,1500,-1000
01/29/2017 08:15,SCH - HQ_CEDARS,325274,185,199,-100
01/29/2017 08:15,SCH - HQ_IMPORT_EXPORT,325376,1074,1310,-9999
01/29/2017 08:15,SCH - NE - NY,23318,-711.99,1400,-1600
01/29/2017 08:15,SCH - NPX_1385,325277,0,200,-200
01/29/2017 08:15,SCH - NPX_CSC,325154,0,330,-330
01/29/2017 08:15,SCH - OH - NY,23317,1185.38,1500,-1900
01/29/2017 08:15,SCH - PJ - NY,23316,203.55,2200,-1450
01/29/2017 08:15,SCH - PJM_HTP,325905,0,0,0
01/29/2017 08:15,SCH - PJM_NEPTUNE,325305,505,660,-660
01/29/2017 08:15,SCH - PJM_VFT,325658,220,315,-315
01/29/2017 08:15,SPR/DUN-SOUTH,23320,1613.47,4600,-9999
01/29/2017 08:15,TOTAL EAST,23314,3594.51,6500,-9999
01/29/2017 08:15,UPNY CONED,23315,1170.58,5100,-9999
01/29/2017 08:15,WEST CENTRAL,23312,1289.88,9999,-9999
01/29/2017 08:20,CENTRAL EAST - VC,23330,1998.34,2105,-9999
01/29/2017 08:20,DYSINGER EAST,23326,1729.54,3150,-9999
01/29/2017 08:20,MOSES SOUTH,23319,1766.14,3150,-1600
01/29/2017 08:20,SCH - HQ - NY,23324,1378,1500,-1000
01/29/2017 08:20,SCH - HQ_CEDARS,325274,185,199,-100
01/29/2017 08:20,SCH - HQ_IMPORT_EXPORT,325376,1074,1310,-9999
01/29/2017 08:20,SCH - NE - NY,23318,-738.64,1400,-1600
01/29/2017 08:20,SCH - NPX_1385,325277,0,200,-200
01/29/2017 08:20,SCH - NPX_CSC,325154,0,330,-330
01/29/2017 08:20,SCH - OH - NY,23317,1185.15,1500,-1900
01/29/2017 08:20,SCH - PJ - NY,23316,241.94,2200,-1450
01/29/2017 08:20,SCH - PJM_HTP,325905,0,0,0
01/29/2017 08:20,SCH - PJM_NEPTUNE,325305,505,660,-660
01/29/2017 08:20,SCH - PJM_VFT,325658,265,315,-315
01/29/2017 08:20,SPR/DUN-SOUTH,23320,1647.41,4600,-9999
01/29/2017 08:20,TOTAL EAST,23314,3685.02,6500,-9999
01/29/2017 08:20,UPNY CONED,23315,1222.41,5100,-9999
01/29/2017 08:20,WEST CENTRAL,23312,1326.99,9999,-9999
01/29/2017 08:25,CENTRAL EAST - VC,23330,2005.75,2105,-9999
01/29/2017 08:25,DYSINGER EAST,23326,1795.89,3150,-9999
01/29/2017 08:25,MOSES SOUTH,23319,1759.46,3150,-1600
01/29/2017 08:25,SCH - HQ - NY,23324,1378,1500,-1000
01/29/2017 08:25,SCH - HQ_CEDARS,325274,185,199,-100
01/29/2017 08:25,SCH - HQ_IMPORT_EXPORT,325376,1074,1310,-9999
01/29/2017 08:25,SCH - NE - NY,23318,-738.66,1400,-1600
01/29/2017 08:25,SCH - NPX_1385,325277,0,200,-200
01/29/2017 08:25,SCH - NPX_CSC,325154,0,330,-330
01/29/2017 08:25,SCH - OH - NY,23317,1185.14,1500,-1900
01/29/2017 08:25,SCH - PJ - NY,23316,240.24,2200,-1450
01/29/2017 08:25,SCH - PJM_HTP,325905,0,0,0
01/29/2017 08:25,SCH - PJM_NEPTUNE,325305,505,660,-660
01/29/2017 08:25,SCH - PJM_VFT,325658,265,315,-315
01/29/2017 08:25,SPR/DUN-SOUTH,23320,1635.75,4600,-9999
01/29/2017 08:25,TOTAL EAST,23314,3791.97,6500,-9999
01/29/2017 08:25,UPNY CONED,23315,1235.46,5100,-9999
01/29/2017 08:25,WEST CENTRAL,23312,1388.88,9999,-9999
01/29/2017 08:30,CENTRAL EAST - VC,23330,1979.45,2105,-9999
01/29/2017 08:30,DYSINGER EAST,23326,1727.96,3150,-9999
01/29/2017 08:30,MOSES SOUTH,23319,1814.04,3150,-1600
01/29/2017 08:30,SCH - HQ - NY,23324,1378,1500,-1000
01/29/2017 08:30,SCH - HQ_CEDARS,325274,185,199,-100
01/29/2017 08:30,SCH - HQ_IMPORT_EXPORT,325376,1074,1310,-9999
01/29/2017 08:30,SCH - NE - NY,23318,-690.68,1400,-1600
01/29/2017 08:30,SCH - NPX_1385,325277,0,200,-200
01/29/2017 08:30,SCH - NPX_CSC,325154,0,330,-330
01/29/2017 08:30,SCH - OH - NY,23317,1185.37,1500,-1900
01/29/2017 08:30,SCH - PJ - NY,23316,277.2,2200,-1450
01/29/2017 08:30,SCH - PJM_HTP,325905,0,0,0
01/29/2017 08:30,SCH - PJM_NEPTUNE,325305,505,660,-660
01/29/2017 08:30,SCH - PJM_VFT,325658,265,315,-315
01/29/2017 08:30,SPR/DUN-SOUTH,23320,1621.49,4600,-9999
01/29/2017 08:30,TOTAL EAST,23314,3844.19,6500,-9999
01/29/2017 08:30,UPNY CONED,23315,1242.8,5100,-9999
01/29/2017 08:30,WEST CENTRAL,23312,1325.41,9999,-9999
01/29/2017 08:35,CENTRAL EAST - VC,23330,2003.94,2105,-9999
01/29/2017 08:35,DYSINGER EAST,23326,1772.62,3150,-9999
01/29/2017 08:35,MOSES SOUTH,23319,1776.32,3150,-1600
01/29/2017 08:35,SCH - HQ - NY,23324,1378,1500,-1000
01/29/2017 08:35,SCH - HQ_CEDARS,325274,185,199,-100
01/29/2017 08:35,SCH - HQ_IMPORT_EXPORT,325376,1074,1310,-9999
01/29/2017 08:35,SCH - NE - NY,23318,-643.7,1400,-1600
01/29/2017 08:35,SCH - NPX_1385,325277,0,200,-200
01/29/2017 08:35,SCH - NPX_CSC,325154,0,330,-330
01/29/2017 08:35,SCH - OH - NY,23317,1185.22,1500,-1900
01/29/2017 08:35,SCH - PJ - NY,23316,318.58,2200,-1450
01/29/2017 08:35,SCH - PJM_HTP,325905,0,0,0
01/29/2017 08:35,SCH - PJM_NEPTUNE,325305,505,660,-660
01/29/2017 08:35,SCH - PJM_VFT,325658,265,315,-315
01/29/2017 08:35,SPR/DUN-SOUTH,23320,1671.74,4600,-9999
01/29/2017 08:35,TOTAL EAST,23314,3838.08,6500,-9999
01/29/2017 08:35,UPNY CONED,23315,1293.68,5100,-9999
01/29/2017 08:35,WEST CENTRAL,23312,1366.95,9999,-9999
01/29/2017 08:40,CENTRAL EAST - VC,23330,1976.54,2105,-9999
01/29/2017 08:40,DYSINGER EAST,23326,1745.53,3150,-9999
01/29/2017 08:40,MOSES SOUTH,23319,1798.04,3150,-1600
01/29/2017 08:40,SCH - HQ - NY,23324,1378,1500,-1000
01/29/2017 08:40,SCH - HQ_CEDARS,325274,185,199,-100
01/29/2017 08:40,SCH - HQ_IMPORT_EXPORT,325376,1074,1310,-9999
01/29/2017 08:40,SCH - NE - NY,23318,-643.71,1400,-1600
01/29/2017 08:40,SCH - NPX_1385,325277,0,200,-200
01/29/2017 08:40,SCH - NPX_CSC,325154,0,330,-330
01/29/2017 08:40,SCH - OH - NY,23317,1185.38,1500,-1900
01/29/2017 08:40,SCH - PJ - NY,23316,316.24,2200,-1450
01/29/2017 08:40,SCH - PJM_HTP,325905,0,0,0
01/29/2017 08:40,SCH - PJM_NEPTUNE,325305,505,660,-660
01/29/2017 08:40,SCH - PJM_VFT,325658,265,315,-315
01/29/2017 08:40,SPR/DUN-SOUTH,23320,1649.31,4600,-9999
01/29/2017 08:40,TOTAL EAST,23314,3832.6,6500,-9999
01/29/2017 08:40,UPNY CONED,23315,1271.16,5100,-9999
01/29/2017 08:40,WEST CENTRAL,23312,1333.95,9999,-9999
01/29/2017 08:45,CENTRAL EAST - VC,23330,1965.95,2105,-9999
01/29/2017 08:45,DYSINGER EAST,23326,1725.3,3150,-9999
01/29/2017 08:45,MOSES SOUTH,23319,1775.05,3150,-1600
01/29/2017 08:45,SCH - HQ - NY,23324,1378,1500,-1000
01/29/2017 08:45,SCH - HQ_CEDARS,325274,185,199,-100
01/29/2017 08:45,SCH - HQ_IMPORT_EXPORT,325376,1074,1310,-9999
01/29/2017 08:45,SCH - NE - NY,23318,-636.64,1400,-1600
01/29/2017 08:45,SCH - NPX_1385,325277,0,200,-200
01/29/2017 08:45,SCH - NPX_CSC,325154,0,330,-330
01/29/2017 08:45,SCH - OH - NY,23317,1185.45,1500,-1900
01/29/2017 08:45,SCH - PJ - NY,23316,316.51,2200,-1450
01/29/2017 08:45,SCH - PJM_HTP,325905,0,0,0
01/29/2017 08:45,SCH - PJM_NEPTUNE,325305,505,660,-660
01/29/2017 08:45,SCH - PJM_VFT,325658,265,315,-315
01/29/2017 08:45,SPR/DUN-SOUTH,23320,1654.22,4600,-9999
01/29/2017 08:45,TOTAL EAST,23314,3814.59,6500,-9999
01/29/2017 08:45,UPNY CONED,23315,1277.36,5100,-9999
01/29/2017 08:45,WEST CENTRAL,23312,1308.73,9999,-9999
01/29/2017 08:50,CENTRAL EAST - VC,23330,1924.6,2105,-9999
01/29/2017 08:50,DYSINGER EAST,23326,1735.75,3150,-9999
01/29/2017 08:50,MOSES SOUTH,23319,1804.92,3150,-1600
01/29/2017 08:50,SCH - HQ - NY,23324,1378,1500,-1000
01/29/2017 08:50,SCH - HQ_CEDARS,325274,185,199,-100
01/29/2017 08:50,SCH - HQ_IMPORT_EXPORT,325376,1074,1310,-9999
01/29/2017 08:50,SCH - NE - NY,23318,-630.72,1400,-1600
01/29/2017 08:50,SCH - NPX_1385,325277,0,200,-200
01/29/2017 08:50,SCH - NPX_CSC,325154,0,330,-330
01/29/2017 08:50,SCH - OH - NY,23317,1185.47,1500,-1900
01/29/2017 08:50,SCH - PJ - NY,23316,317.11,2200,-1450
01/29/2017 08:50,SCH - PJM_HTP,325905,0,0,0
01/29/2017 08:50,SCH - PJM_NEPTUNE,325305,505,660,-660
01/29/2017 08:50,SCH - PJM_VFT,325658,265,315,-315
01/29/2017 08:50,SPR/DUN-SOUTH,23320,1602.63,4600,-9999
01/29/2017 08:50,TOTAL EAST,23314,3803.44,6500,-9999
01/29/2017 08:50,UPNY CONED,23315,1224.69,5100,-9999
01/29/2017 08:50,WEST CENTRAL,23312,1316.23,9999,-9999
01/29/2017 08:55,CENTRAL EAST - VC,23330,1947.05,2105,-9999
01/29/2017 08:55,DYSINGER EAST,23326,1758.92,3150,-9999
01/29/2017 08:55,MOSES SOUTH,23319,1798.56,3150,-1600
01/29/2017 08:55,SCH - HQ - NY,23324,1378,1500,-1000
01/29/2017 08:55,SCH - HQ_CEDARS,325274,185,199,-100
01/29/2017 08:55,SCH - HQ_IMPORT_EXPORT,325376,1074,1310,-9999
01/29/2017 08:55,SCH - NE - NY,23318,-630.7,1400,-1600
01/29/2017 08:55,SCH - NPX_1385,325277,0,200,-200
01/29/2017 08:55,SCH - NPX_CSC,325154,0,330,-330
01/29/2017 08:55,SCH - OH - NY,23317,1185.5,1500,-1900
01/29/2017 08:55,SCH - PJ - NY,23316,316.78,2200,-1450
01/29/2017 08:55,SCH - PJM_HTP,325905,0,0,0
01/29/2017 08:55,SCH - PJM_NEPTUNE,325305,505,660,-660
01/29/2017 08:55,SCH - PJM_VFT,325658,265,315,-315
01/29/2017 08:55,SPR/DUN-SOUTH,23320,1629.81,4600,-9999
01/29/2017 08:55,TOTAL EAST,23314,3768.99,6500,-9999
01/29/2017 08:55,UPNY CONED,23315,1259.08,5100,-9999
01/29/2017 08:55,WEST CENTRAL,23312,1333.14,9999,-9999
01/29/2017 09:00,CENTRAL EAST - VC,23330,1928.05,2105,-9999
01/29/2017 09:00,DYSINGER EAST,23326,1790.66,3150,-9999
01/29/2017 09:00,MOSES SOUTH,23319,1793.11,3150,-1600
01/29/2017 09:00,SCH - HQ - NY,23324,1378,1500,-1000
01/29/2017 09:00,SCH - HQ_CEDARS,325274,192,199,-100
01/29/2017 09:00,SCH - HQ_IMPORT_EXPORT,325376,1074,1310,-9999
01/29/2017 09:00,SCH - NE - NY,23318,-638.67,1400,-1600
01/29/2017 09:00,SCH - NPX_1385,325277,0,200,-200
01/29/2017 09:00,SCH - NPX_CSC,325154,0,330,-330
01/29/2017 09:00,SCH - OH - NY,23317,1191.37,1500,-1900
01/29/2017 09:00,SCH - PJ - NY,23316,343.66,2200,-1450
01/29/2017 09:00,SCH - PJM_HTP,325905,0,0,0
01/29/2017 09:00,SCH - PJM_NEPTUNE,325305,582,660,-660
01/29/2017 09:00,SCH - PJM_VFT,325658,245,315,-315
01/29/2017 09:00,SPR/DUN-SOUTH,23320,1676.28,4600,-9999
01/29/2017 09:00,TOTAL EAST,23314,3760.49,6500,-9999
01/29/2017 09:00,UPNY CONED,23315,1231.86,5100,-9999
01/29/2017 09:00,WEST CENTRAL,23312,1355.9,9999,-9999
01/29/2017 09:05,CENTRAL EAST - VC,23330,1961.19,2105,-9999
01/29/2017 09:05,DYSINGER EAST,23326,1806.16,3150,-9999
01/29/2017 09:05,MOSES SOUTH,23319,1804.27,3150,-1600
01/29/2017 09:05,SCH - HQ - NY,23324,1378,1500,-1000
01/29/2017 09:05,SCH - HQ_CEDARS,325274,199,199,-100
01/29/2017 09:05,SCH - HQ_IMPORT_EXPORT,325376,1074,1310,-9999
01/29/2017 09:05,SCH - NE - NY,23318,-647.59,1400,-1600
01/29/2017 09:05,SCH - NPX_1385,325277,0,200,-200
01/29/2017 09:05,SCH - NPX_CSC,325154,0,330,-330
01/29/2017 09:05,SCH - OH - NY,23317,1198.4,1500,-1900
01/29/2017 09:05,SCH - PJ - NY,23316,369.55,2200,-1450
01/29/2017 09:05,SCH - PJM_HTP,325905,0,0,0
01/29/2017 09:05,SCH - PJM_NEPTUNE,325305,660,660,-660
01/29/2017 09:05,SCH - PJM_VFT,325658,225,315,-315
01/29/2017 09:05,SPR/DUN-SOUTH,23320,1745.98,4600,-9999
01/29/2017 09:05,TOTAL EAST,23314,3756.73,6500,-9999
01/29/2017 09:05,UPNY CONED,23315,1253,5100,-9999
01/29/2017 09:05,WEST CENTRAL,23312,1366.95,9999,-9999
01/29/2017 09:10,CENTRAL EAST - VC,23330,1996.6,2105,-9999
01/29/2017 09:10,DYSINGER EAST,23326,1830.92,3150,-9999
01/29/2017 09:10,MOSES SOUTH,23319,1773.92,3150,-1600
01/29/2017 09:10,SCH - HQ - NY,23324,1378,1500,-1000
01/29/2017 09:10,SCH - HQ_CEDARS,325274,199,199,-100
01/29/2017 09:10,SCH - HQ_IMPORT_EXPORT,325376,1074,1310,-9999
01/29/2017 09:10,SCH - NE - NY,23318,-647.58,1400,-1600
01/29/2017 09:10,SCH - NPX_1385,325277,0,200,-200
01/29/2017 09:10,SCH - NPX_CSC,325154,0,330,-330
01/29/2017 09:10,SCH - OH - NY,23317,1198.4,1500,-1900
01/29/2017 09:10,SCH - PJ - NY,23316,372.62,2200,-1450
01/29/2017 09:10,SCH - PJM_HTP,325905,0,0,0
01/29/2017 09:10,SCH - PJM_NEPTUNE,325305,660,660,-660
01/29/2017 09:10,SCH - PJM_VFT,325658,225,315,-315
01/29/2017 09:10,SPR/DUN-SOUTH,23320,1783.54,4600,-9999
01/29/2017 09:10,TOTAL EAST,23314,3799.03,6500,-9999
01/29/2017 09:10,UPNY CONED,23315,1307.96,5100,-9999
01/29/2017 09:10,WEST CENTRAL,23312,1390.17,9999,-9999
01/29/2017 09:15,CENTRAL EAST - VC,23330,1952.5,2105,-9999
01/29/2017 09:15,DYSINGER EAST,23326,1760.55,3150,-9999
01/29/2017 09:15,MOSES SOUTH,23319,1832.77,3150,-1600
01/29/2017 09:15,SCH - HQ - NY,23324,1378,1500,-1000
01/29/2017 09:15,SCH - HQ_CEDARS,325274,199,199,-100
01/29/2017 09:15,SCH - HQ_IMPORT_EXPORT,325376,1074,1310,-9999
01/29/2017 09:15,SCH - NE - NY,23318,-687.71,1400,-1600
01/29/2017 09:15,SCH - NPX_1385,325277,0,200,-200
01/29/2017 09:15,SCH - NPX_CSC,325154,0,330,-330
01/29/2017 09:15,SCH - OH - NY,23317,1198.5,1500,-1900
01/29/2017 09:15,SCH - PJ - NY,23316,372.91,2200,-1450
01/29/2017 09:15,SCH - PJM_HTP,325905,0,0,0
01/29/2017 09:15,SCH - PJM_NEPTUNE,325305,660,660,-660
01/29/2017 09:15,SCH - PJM_VFT,325658,270,315,-315
01/29/2017 09:15,SPR/DUN-SOUTH,23320,1667.48,4600,-9999
01/29/2017 09:15,TOTAL EAST,23314,3792.67,6500,-9999
01/29/2017 09:15,UPNY CONED,23315,1206.24,5100,-9999
01/29/2017 09:15,WEST CENTRAL,23312,1320.6,9999,-9999
01/29/2017 09:20,CENTRAL EAST - VC,23330,1978.83,2105,-9999
01/29/2017 09:20,DYSINGER EAST,23326,1801.78,3150,-9999
01/29/2017 09:20,MOSES SOUTH,23319,1824,3150,-1600
01/29/2017 09:20,SCH - HQ - NY,23324,1378,1500,-1000
01/29/2017 09:20,SCH - HQ_CEDARS,325274,199,199,-100
01/29/2017 09:20,SCH - HQ_IMPORT_EXPORT,325376,1074,1310,-9999
01/29/2017 09:20,SCH - NE - NY,23318,-727.62,1400,-1600
01/29/2017 09:20,SCH - NPX_1385,325277,0,200,-200
01/29/2017 09:20,SCH - NPX_CSC,325154,0,330,-330
01/29/2017 09:20,SCH - OH - NY,23317,1198.5,1500,-1900
01/29/2017 09:20,SCH - PJ - NY,23316,370.96,2200,-1450
01/29/2017 09:20,SCH - PJM_HTP,325905,0,0,0
01/29/2017 09:20,SCH - PJM_NEPTUNE,325305,660,660,-660
01/29/2017 09:20,SCH - PJM_VFT,325658,315,315,-315
01/29/2017 09:20,SPR/DUN-SOUTH,23320,1658.68,4600,-9999
01/29/2017 09:20,TOTAL EAST,23314,3788.32,6500,-9999
01/29/2017 09:20,UPNY CONED,23315,1192.59,5100,-9999
01/29/2017 09:20,WEST CENTRAL,23312,1359.59,9999,-9999
01/29/2017 09:25,CENTRAL EAST - VC,23330,1970.77,2105,-9999
01/29/2017 09:25,DYSINGER EAST,23326,1839.45,3150,-9999
01/29/2017 09:25,MOSES SOUTH,23319,1822.62,3150,-1600
01/29/2017 09:25,SCH - HQ - NY,23324,1378,1500,-1000
01/29/2017 09:25,SCH - HQ_CEDARS,325274,199,199,-100
01/29/2017 09:25,SCH - HQ_IMPORT_EXPORT,325376,1074,1310,-9999
01/29/2017 09:25,SCH - NE - NY,23318,-727.63,1400,-1600
01/29/2017 09:25,SCH - NPX_1385,325277,0,200,-200
01/29/2017 09:25,SCH - NPX_CSC,325154,0,330,-330
01/29/2017 09:25,SCH - OH - NY,23317,1198.43,1500,-1900
01/29/2017 09:25,SCH - PJ - NY,23316,371.36,2200,-1450
01/29/2017 09:25,SCH - PJM_HTP,325905,0,0,0
01/29/2017 09:25,SCH - PJM_NEPTUNE,325305,660,660,-660
01/29/2017 09:25,SCH - PJM_VFT,325658,315,315,-315
01/29/2017 09:25,SPR/DUN-SOUTH,23320,1686.23,4600,-9999
01/29/2017 09:25,TOTAL EAST,23314,3780.18,6500,-9999
01/29/2017 09:25,UPNY CONED,23315,1220.49,5100,-9999
01/29/2017 09:25,WEST CENTRAL,23312,1390.47,9999,-9999
01/29/2017 09:30,CENTRAL EAST - VC,23330,1961.2,2105,-9999
01/29/2017 09:30,DYSINGER EAST,23326,1830.92,3150,-9999
01/29/2017 09:30,MOSES SOUTH,23319,1816.51,3150,-1600
01/29/2017 09:30,SCH - HQ - NY,23324,1378,1500,-1000
01/29/2017 09:30,SCH - HQ_CEDARS,325274,199,199,-100
01/29/2017 09:30,SCH - HQ_IMPORT_EXPORT,325376,1074,1310,-9999
01/29/2017 09:30,SCH - NE - NY,23318,-704.74,1400,-1600
01/29/2017 09:30,SCH - NPX_1385,325277,0,200,-200
01/29/2017 09:30,SCH - NPX_CSC,325154,0,330,-330
01/29/2017 09:30,SCH - OH - NY,23317,1198.39,1500,-1900
01/29/2017 09:30,SCH - PJ - NY,23316,405.64,2200,-1450
01/29/2017 09:30,SCH - PJM_HTP,325905,0,0,0
01/29/2017 09:30,SCH - PJM_NEPTUNE,325305,660,660,-660
01/29/2017 09:30,SCH - PJM_VFT,325658,315,315,-315
01/29/2017 09:30,SPR/DUN-SOUTH,23320,1709.27,4600,-9999
01/29/2017 09:30,TOTAL EAST,23314,3803.68,6500,-9999
01/29/2017 09:30,UPNY CONED,23315,1242.43,5100,-9999
01/29/2017 09:30,WEST CENTRAL,23312,1382.37,9999,-9999
01/29/2017 09:35,CENTRAL EAST - VC,23330,1936.74,2135,-9999
01/29/2017 09:35,DYSINGER EAST,23326,1762.57,3150,-9999
01/29/2017 09:35,MOSES SOUTH,23319,1812.53,3150,-1600
01/29/2017 09:35,SCH - HQ - NY,23324,1378,1500,-1000
01/29/2017 09:35,SCH - HQ_CEDARS,325274,199,199,-100
01/29/2017 09:35,SCH - HQ_IMPORT_EXPORT,325376,1074,1310,-9999
01/29/2017 09:35,SCH - NE - NY,23318,-682.8,1400,-1600
01/29/2017 09:35,SCH - NPX_1385,325277,0,200,-200
01/29/2017 09:35,SCH - NPX_CSC,325154,0,330,-330
01/29/2017 09:35,SCH - OH - NY,23317,1198.49,1500,-1900
01/29/2017 09:35,SCH - PJ - NY,23316,442.9,2200,-1450
01/29/2017 09:35,SCH - PJM_HTP,325905,0,0,0
01/29/2017 09:35,SCH - PJM_NEPTUNE,325305,660,660,-660
01/29/2017 09:35,SCH - PJM_VFT,325658,315,315,-315
01/29/2017 09:35,SPR/DUN-SOUTH,23320,1709.27,4600,-9999
01/29/2017 09:35,TOTAL EAST,23314,3802.99,6500,-9999
01/29/2017 09:35,UPNY CONED,23315,1235.24,5100,-9999
01/29/2017 09:35,WEST CENTRAL,23312,1315.23,9999,-9999
01/29/2017 09:40,CENTRAL EAST - VC,23330,1929.57,2135,-9999
01/29/2017 09:40,DYSINGER EAST,23326,1775.6,3150,-9999
01/29/2017 09:40,MOSES SOUTH,23319,1794.26,3150,-1600
01/29/2017 09:40,SCH - HQ - NY,23324,1378,1500,-1000
01/29/2017 09:40,SCH - HQ_CEDARS,325274,199,199,-100
01/29/2017 09:40,SCH - HQ_IMPORT_EXPORT,325376,1074,1310,-9999
01/29/2017 09:40,SCH - NE - NY,23318,-682.78,1400,-1600
01/29/2017 09:40,SCH - NPX_1385,325277,0,200,-200
01/29/2017 09:40,SCH - NPX_CSC,325154,0,330,-330
01/29/2017 09:40,SCH - OH - NY,23317,1198.43,1500,-1900
01/29/2017 09:40,SCH - PJ - NY,23316,443.04,2200,-1450
01/29/2017 09:40,SCH - PJM_HTP,325905,0,0,0
01/29/2017 09:40,SCH - PJM_NEPTUNE,325305,660,660,-660
01/29/2017 09:40,SCH - PJM_VFT,325658,315,315,-315
01/29/2017 09:40,SPR/DUN-SOUTH,23320,1705.09,4600,-9999
01/29/2017 09:40,TOTAL EAST,23314,3783.86,6500,-9999
01/29/2017 09:40,UPNY CONED,23315,1211.94,5100,-9999
01/29/2017 09:40,WEST CENTRAL,23312,1322.92,9999,-9999
01/29/2017 09:45,CENTRAL EAST - VC,23330,1953.46,2135,-9999
01/29/2017 09:45,DYSINGER EAST,23326,1819.72,3150,-9999
01/29/2017 09:45,MOSES SOUTH,23319,1798.58,3150,-1600
01/29/2017 09:45,SCH - HQ - NY,23324,1378,1500,-1000
01/29/2017 09:45,SCH - HQ_CEDARS,325274,199,199,-100
01/29/2017 09:45,SCH - HQ_IMPORT_EXPORT,325376,1074,1310,-9999
01/29/2017 09:45,SCH - NE - NY,23318,-682.74,1400,-1600
01/29/2017 09:45,SCH - NPX_1385,325277,0,200,-200
01/29/2017 09:45,SCH - NPX_CSC,325154,0,330,-330
01/29/2017 09:45,SCH - OH - NY,23317,1198.33,1500,-1900
01/29/2017 09:45,SCH - PJ - NY,23316,458.77,2200,-1450
01/29/2017 09:45,SCH - PJM_HTP,325905,0,0,0
01/29/2017 09:45,SCH - PJM_NEPTUNE,325305,660,660,-660
01/29/2017 09:45,SCH - PJM_VFT,325658,315,315,-315
01/29/2017 09:45,SPR/DUN-SOUTH,23320,1759.41,4600,-9999
01/29/2017 09:45,TOTAL EAST,23314,3771.09,6500,-9999
01/29/2017 09:45,UPNY CONED,23315,1241.66,5100,-9999
01/29/2017 09:45,WEST CENTRAL,23312,1360.36,9999,-9999
01/29/2017 09:50,CENTRAL EAST - VC,23330,1945.86,2135,-9999
01/29/2017 09:50,DYSINGER EAST,23326,1788.23,3150,-9999
01/29/2017 09:50,MOSES SOUTH,23319,1775.74,3150,-1600
01/29/2017 09:50,SCH - HQ - NY,23324,1378,1500,-1000
01/29/2017 09:50,SCH - HQ_CEDARS,325274,199,199,-100
01/29/2017 09:50,SCH - HQ_IMPORT_EXPORT,325376,1074,1310,-9999
01/29/2017 09:50,SCH - NE - NY,23318,-682.76,1400,-1600
01/29/2017 09:50,SCH - NPX_1385,325277,0,200,-200
01/29/2017 09:50,SCH - NPX_CSC,325154,0,330,-330
01/29/2017 09:50,SCH - OH - NY,23317,1198.41,1500,-1900
01/29/2017 09:50,SCH - PJ - NY,23316,470.84,2200,-1450
01/29/2017 09:50,SCH - PJM_HTP,325905,0,0,0
01/29/2017 09:50,SCH - PJM_NEPTUNE,325305,660,660,-660
01/29/2017 09:50,SCH - PJM_VFT,325658,315,315,-315
01/29/2017 09:50,SPR/DUN-SOUTH,23320,1755.94,4600,-9999
01/29/2017 09:50,TOTAL EAST,23314,3789.9,6500,-9999
01/29/2017 09:50,UPNY CONED,23315,1236.03,5100,-9999
01/29/2017 09:50,WEST CENTRAL,23312,1325.93,9999,-9999
01/29/2017 09:55,CENTRAL EAST - VC,23330,1952.1,2135,-9999
01/29/2017 09:55,DYSINGER EAST,23326,1800.52,3150,-9999
01/29/2017 09:55,MOSES SOUTH,23319,1767.61,3150,-1600
01/29/2017 09:55,SCH - HQ - NY,23324,1378,1500,-1000
01/29/2017 09:55,SCH - HQ_CEDARS,325274,199,199,-100
01/29/2017 09:55,SCH - HQ_IMPORT_EXPORT,325376,1074,1310,-9999
01/29/2017 09:55,SCH - NE - NY,23318,-682.77,1400,-1600
01/29/2017 09:55,SCH - NPX_1385,325277,0,200,-200
01/29/2017 09:55,SCH - NPX_CSC,325154,0,330,-330
01/29/2017 09:55,SCH - OH - NY,23317,1198.39,1500,-1900
01/29/2017 09:55,SCH - PJ - NY,23316,472.25,2200,-1450
01/29/2017 09:55,SCH - PJM_HTP,325905,0,0,0
01/29/2017 09:55,SCH - PJM_NEPTUNE,325305,660,660,-660
01/29/2017 09:55,SCH - PJM_VFT,325658,315,315,-315
01/29/2017 09:55,SPR/DUN-SOUTH,23320,1762.79,4600,-9999
01/29/2017 09:55,TOTAL EAST,23314,3793.96,6500,-9999
01/29/2017 09:55,UPNY CONED,23315,1226.86,5100,-9999
01/29/2017 09:55,WEST CENTRAL,23312,1344.25,9999,-9999
01/29/2017 10:00,CENTRAL EAST - VC,23330,1963.19,2135,-9999
01/29/2017 10:00,DYSINGER EAST,23326,1814.14,3150,-9999
01/29/2017 10:00,MOSES SOUTH,23319,1764.81,3150,-1600
01/29/2017 10:00,SCH - HQ - NY,23324,1378,1500,-1000
01/29/2017 10:00,SCH - HQ_CEDARS,325274,199,199,-100
01/29/2017 10:00,SCH - HQ_IMPORT_EXPORT,325376,1074,1310,-9999
01/29/2017 10:00,SCH - NE - NY,23318,-782.69,1400,-1600
01/29/2017 10:00,SCH - NPX_1385,325277,0,200,-200
01/29/2017 10:00,SCH - NPX_CSC,325154,0,330,-330
01/29/2017 10:00,SCH - OH - NY,23317,1198.34,1500,-1900
01/29/2017 10:00,SCH - PJ - NY,23316,579.38,2200,-1450
01/29/2017 10:00,SCH - PJM_HTP,325905,0,0,0
01/29/2017 10:00,SCH - PJM_NEPTUNE,325305,660,660,-660
01/29/2017 10:00,SCH - PJM_VFT,325658,315,315,-315
01/29/2017 10:00,SPR/DUN-SOUTH,23320,1734.31,4600,-9999
01/29/2017 10:00,TOTAL EAST,23314,3898.77,6500,-9999
01/29/2017 10:00,UPNY CONED,23315,1207.59,5100,-9999
01/29/2017 10:00,WEST CENTRAL,23312,1359.19,9999,-9999
01/29/2017 10:05,CENTRAL EAST - VC,23330,2018.39,2135,-9999
01/29/2017 10:05,DYSINGER EAST,23326,1927,3150,-9999
01/29/2017 10:05,MOSES SOUTH,23319,1744.79,3150,-1600
01/29/2017 10:05,SCH - HQ - NY,23324,1378,1500,-1000
01/29/2017 10:05,SCH - HQ_CEDARS,325274,199,199,-100
01/29/2017 10:05,SCH - HQ_IMPORT_EXPORT,325376,1074,1310,-9999
01/29/2017 10:05,SCH - NE - NY,23318,-882.53,1400,-1600
01/29/2017 10:05,SCH - NPX_1385,325277,0,200,-200
01/29/2017 10:05,SCH - NPX_CSC,325154,0,330,-330
01/29/2017 10:05,SCH - OH - NY,23317,1198.07,1500,-1900
01/29/2017 10:05,SCH - PJ - NY,23316,688.03,2200,-1450
01/29/2017 10:05,SCH - PJM_HTP,325905,0,0,0
01/29/2017 10:05,SCH - PJM_NEPTUNE,325305,660,660,-660
01/29/2017 10:05,SCH - PJM_VFT,325658,315,315,-315
01/29/2017 10:05,SPR/DUN-SOUTH,23320,1772.01,4600,-9999
01/29/2017 10:05,TOTAL EAST,23314,3954.58,6500,-9999
01/29/2017 10:05,UPNY CONED,23315,1226.86,5100,-9999
01/29/2017 10:05,WEST CENTRAL,23312,1464.05,9999,-9999
01/29/2017 10:10,CENTRAL EAST - VC,23330,2032.55,2165,-9999
01/29/2017 10:10,DYSINGER EAST,23326,1872.86,3150,-9999
01/29/2017 10:10,MOSES SOUTH,23319,1779.01,3150,-1600
01/29/2017 10:10,SCH - HQ - NY,23324,1378,1500,-1000
01/29/2017 10:10,SCH - HQ_CEDARS,325274,199,199,-100
01/29/2017 10:10,SCH - HQ_IMPORT_EXPORT,325376,1074,1310,-9999
01/29/2017 10:10,SCH - NE - NY,23318,-882.46,1400,-1600
01/29/2017 10:10,SCH - NPX_1385,325277,0,200,-200
01/29/2017 10:10,SCH - NPX_CSC,325154,0,330,-330
01/29/2017 10:10,SCH - OH - NY,23317,1198.46,1500,-1900
01/29/2017 10:10,SCH - PJ - NY,23316,686.31,2200,-1450
01/29/2017 10:10,SCH - PJM_HTP,325905,0,0,0
01/29/2017 10:10,SCH - PJM_NEPTUNE,325305,660,660,-660
01/29/2017 10:10,SCH - PJM_VFT,325658,315,315,-315
01/29/2017 10:10,SPR/DUN-SOUTH,23320,1755.43,4600,-9999
01/29/2017 10:10,TOTAL EAST,23314,3989.45,6500,-9999
01/29/2017 10:10,UPNY CONED,23315,1211.98,5100,-9999
01/29/2017 10:10,WEST CENTRAL,23312,1409.39,9999,-9999
01/29/2017 10:15,CENTRAL EAST - VC,23330,2031.83,2165,-9999
01/29/2017 10:15,DYSINGER EAST,23326,1838.28,3150,-9999
01/29/2017 10:15,MOSES SOUTH,23319,1824.87,3150,-1600
01/29/2017 10:15,SCH - HQ - NY,23324,1378,1500,-1000
01/29/2017 10:15,SCH - HQ_CEDARS,325274,199,199,-100
01/29/2017 10:15,SCH - HQ_IMPORT_EXPORT,325376,1074,1310,-9999
01/29/2017 10:15,SCH - NE - NY,23318,-897.48,1400,-1600
01/29/2017 10:15,SCH - NPX_1385,325277,0,200,-200
01/29/2017 10:15,SCH - NPX_CSC,325154,0,330,-330
01/29/2017 10:15,SCH - OH - NY,23317,1198.6,1500,-1900
01/29/2017 10:15,SCH - PJ - NY,23316,637.55,2200,-1450
01/29/2017 10:15,SCH - PJM_HTP,325905,0,0,0
01/29/2017 10:15,SCH - PJM_NEPTUNE,325305,660,660,-660
01/29/2017 10:15,SCH - PJM_VFT,325658,315,315,-315
01/29/2017 10:15,SPR/DUN-SOUTH,23320,1725.88,4600,-9999
01/29/2017 10:15,TOTAL EAST,23314,4011.8,6500,-9999
01/29/2017 10:15,UPNY CONED,23315,1194.2,5100,-9999
01/29/2017 10:15,WEST CENTRAL,23312,1378.7,9999,-9999
01/29/2017 10:20,CENTRAL EAST - VC,23330,2031.59,2165,-9999
01/29/2017 10:20,DYSINGER EAST,23326,1811.08,3150,-9999
01/29/2017 10:20,MOSES SOUTH,23319,1826.07,3150,-1600
01/29/2017 10:20,SCH - HQ - NY,23324,1378,1500,-1000
01/29/2017 10:20,SCH - HQ_CEDARS,325274,199,199,-100
01/29/2017 10:20,SCH - HQ_IMPORT_EXPORT,325376,1074,1310,-9999
01/29/2017 10:20,SCH - NE - NY,23318,-913.47,1400,-1600
01/29/2017 10:20,SCH - NPX_1385,325277,0,200,-200
01/29/2017 10:20,SCH - NPX_CSC,325154,0,330,-330
01/29/2017 10:20,SCH - OH - NY,23317,1198.64,1500,-1900
01/29/2017 10:20,SCH - PJ - NY,23316,587.82,2200,-1450
01/29/2017 10:20,SCH - PJM_HTP,325905,0,0,0
01/29/2017 10:20,SCH - PJM_NEPTUNE,325305,660,660,-660
01/29/2017 10:20,SCH - PJM_VFT,325658,315,315,-315
01/29/2017 10:20,SPR/DUN-SOUTH,23320,1723.07,4600,-9999
01/29/2017 10:20,TOTAL EAST,23314,3999.33,6500,-9999
01/29/2017 10:20,UPNY CONED,23315,1190.29,5100,-9999
01/29/2017 10:20,WEST CENTRAL,23312,1353.27,9999,-9999
01/29/2017 10:25,CENTRAL EAST - VC,23330,1999.6,2165,-9999
01/29/2017 10:25,DYSINGER EAST,23326,1793.3,3150,-9999
01/29/2017 10:25,MOSES SOUTH,23319,1805.34,3150,-1600
01/29/2017 10:25,SCH - HQ - NY,23324,1378,1500,-1000
01/29/2017 10:25,SCH - HQ_CEDARS,325274,199,199,-100
01/29/2017 10:25,SCH - HQ_IMPORT_EXPORT,325376,1074,1310,-9999
01/29/2017 10:25,SCH - NE - NY,23318,-913.46,1400,-1600
01/29/2017 10:25,SCH - NPX_1385,325277,0,200,-200
01/29/2017 10:25,SCH - NPX_CSC,325154,0,330,-330
01/29/2017 10:25,SCH - OH - NY,23317,1198.56,1500,-1900
01/29/2017 10:25,SCH - PJ - NY,23316,584.98,2200,-1450
01/29/2017 10:25,SCH - PJM_HTP,325905,0,0,0
01/29/2017 10:25,SCH - PJM_NEPTUNE,325305,660,660,-660
01/29/2017 10:25,SCH - PJM_VFT,325658,315,315,-315
01/29/2017 10:25,SPR/DUN-SOUTH,23320,1719.73,4600,-9999
01/29/2017 10:25,TOTAL EAST,23314,3997.74,6500,-9999
01/29/2017 10:25,UPNY CONED,23315,1173.4,5100,-9999
01/29/2017 10:25,WEST CENTRAL,23312,1334.71,9999,-9999
01/29/2017 10:30,CENTRAL EAST - VC,23330,2015.54,2165,-9999
01/29/2017 10:30,DYSINGER EAST,23326,1794.46,3150,-9999
01/29/2017 10:30,MOSES SOUTH,23319,1800.42,3150,-1600
01/29/2017 10:30,SCH - HQ - NY,23324,1378,1500,-1000
01/29/2017 10:30,SCH - HQ_CEDARS,325274,199,199,-100
01/29/2017 10:30,SCH - HQ_IMPORT_EXPORT,325376,1074,1310,-9999
01/29/2017 10:30,SCH - NE - NY,23318,-957.5,1400,-1600
01/29/2017 10:30,SCH - NPX_1385,325277,0,200,-200
01/29/2017 10:30,SCH - NPX_CSC,325154,0,330,-330
01/29/2017 10:30,SCH - OH - NY,23317,1198.63,1500,-1900
01/29/2017 10:30,SCH - PJ - NY,23316,611.36,2200,-1450
01/29/2017 10:30,SCH - PJM_HTP,325905,0,0,0
01/29/2017 10:30,SCH - PJM_NEPTUNE,325305,660,660,-660
01/29/2017 10:30,SCH - PJM_VFT,325658,315,315,-315
01/29/2017 10:30,SPR/DUN-SOUTH,23320,1744.01,4600,-9999
01/29/2017 10:30,TOTAL EAST,23314,4039.97,6500,-9999
01/29/2017 10:30,UPNY CONED,23315,1189.72,5100,-9999
01/29/2017 10:30,WEST CENTRAL,23312,1333.88,9999,-9999
01/29/2017 10:35,CENTRAL EAST - VC,23330,2021.02,2165,-9999
01/29/2017 10:35,DYSINGER EAST,23326,1805.61,3150,-9999
01/29/2017 10:35,MOSES SOUTH,23319,1817.21,3150,-1600
01/29/2017 10:35,SCH - HQ - NY,23324,1378,1500,-1000
01/29/2017 10:35,SCH - HQ_CEDARS,325274,199,199,-100
01/29/2017 10:35,SCH - HQ_IMPORT_EXPORT,325376,1074,1310,-9999
01/29/2017 10:35,SCH - NE - NY,23318,-1001.47,1400,-1600
01/29/2017 10:35,SCH - NPX_1385,325277,0,200,-200
01/29/2017 10:35,SCH - NPX_CSC,325154,0,330,-330
01/29/2017 10:35,SCH - OH - NY,23317,1198.49,1500,-1900
01/29/2017 10:35,SCH - PJ - NY,23316,638.65,2200,-1450
01/29/2017 10:35,SCH - PJM_HTP,325905,0,0,0
01/29/2017 10:35,SCH - PJM_NEPTUNE,325305,660,660,-660
01/29/2017 10:35,SCH - PJM_VFT,325658,315,315,-315
01/29/2017 10:35,SPR/DUN-SOUTH,23320,1701.02,4600,-9999
01/29/2017 10:35,TOTAL EAST,23314,4045.2,6500,-9999
01/29/2017 10:35,UPNY CONED,23315,1138.17,5100,-9999
01/29/2017 10:35,WEST CENTRAL,23312,1344.81,9999,-9999
01/29/2017 10:40,CENTRAL EAST - VC,23330,2016.05,2165,-9999
01/29/2017 10:40,DYSINGER EAST,23326,1785.84,3150,-9999
01/29/2017 10:40,MOSES SOUTH,23319,1821.3,3150,-1600
01/29/2017 10:40,SCH - HQ - NY,23324,1378,1500,-1000
01/29/2017 10:40,SCH - HQ_CEDARS,325274,199,199,-100
01/29/2017 10:40,SCH - HQ_IMPORT_EXPORT,325376,1074,1310,-9999
01/29/2017 10:40,SCH - NE - NY,23318,-1001.45,1400,-1600
01/29/2017 10:40,SCH - NPX_1385,325277,0,200,-200
01/29/2017 10:40,SCH - NPX_CSC,325154,0,330,-330
01/29/2017 10:40,SCH - OH - NY,23317,1198.55,1500,-1900
01/29/2017 10:40,SCH - PJ - NY,23316,638.25,2200,-1450
01/29/2017 10:40,SCH - PJM_HTP,325905,0,0,0
01/29/2017 10:40,SCH - PJM_NEPTUNE,325305,660,660,-660
01/29/2017 10:40,SCH - PJM_VFT,325658,315,315,-315
01/29/2017 10:40,SPR/DUN-SOUTH,23320,1671.1,4600,-9999
01/29/2017 10:40,TOTAL EAST,23314,4025.86,6500,-9999
01/29/2017 10:40,UPNY CONED,23315,1108.94,5100,-9999
01/29/2017 10:40,WEST CENTRAL,23312,1319.15,9999,-9999
01/29/2017 10:45,CENTRAL EAST - VC,23330,2015.58,2165,-9999
01/29/2017 10:45,DYSINGER EAST,23326,1781.82,3150,-9999
01/29/2017 10:45,MOSES SOUTH,23319,1817.06,3150,-1600
01/29/2017 10:45,SCH - HQ - NY,23324,1378,1500,-1000
01/29/2017 10:45,SCH - HQ_CEDARS,325274,199,199,-100
01/29/2017 10:45,SCH - HQ_IMPORT_EXPORT,325376,1074,1310,-9999
01/29/2017 10:45,SCH - NE - NY,23318,-1001.47,1400,-1600
01/29/2017 10:45,SCH - NPX_1385,325277,0,200,-200
01/29/2017 10:45,SCH - NPX_CSC,325154,0,330,-330
01/29/2017 10:45,SCH - OH - NY,23317,1198.64,1500,-1900
01/29/2017 10:45,SCH - PJ - NY,23316,650.2,2200,-1450
01/29/2017 10:45,SCH - PJM_HTP,325905,0,0,0
01/29/2017 10:45,SCH - PJM_NEPTUNE,325305,660,660,-660
01/29/2017 10:45,SCH - PJM_VFT,325658,315,315,-315
01/29/2017 10:45,SPR/DUN-SOUTH,23320,1680.89,4600,-9999
01/29/2017 10:45,TOTAL EAST,23314,4040.54,6500,-9999
01/29/2017 10:45,UPNY CONED,23315,1136.46,5100,-9999
01/29/2017 10:45,WEST CENTRAL,23312,1316.89,9999,-9999
01/29/2017 10:50,CENTRAL EAST - VC,23330,2028.24,2165,-9999
01/29/2017 10:50,DYSINGER EAST,23326,1805.33,3150,-9999
01/29/2017 10:50,MOSES SOUTH,23319,1812.77,3150,-1600
01/29/2017 10:50,SCH - HQ - NY,23324,1378,1500,-1000
01/29/2017 10:50,SCH - HQ_CEDARS,325274,199,199,-100
01/29/2017 10:50,SCH - HQ_IMPORT_EXPORT,325376,1074,1310,-9999
01/29/2017 10:50,SCH - NE - NY,23318,-1001.46,1400,-1600
01/29/2017 10:50,SCH - NPX_1385,325277,0,200,-200
01/29/2017 10:50,SCH - NPX_CSC,325154,0,330,-330
01/29/2017 10:50,SCH - OH - NY,23317,1198.5,1500,-1900
01/29/2017 10:50,SCH - PJ - NY,23316,662.85,2200,-1450
01/29/2017 10:50,SCH - PJM_HTP,325905,0,0,0
01/29/2017 10:50,SCH - PJM_NEPTUNE,325305,660,660,-660
01/29/2017 10:50,SCH - PJM_VFT,325658,315,315,-315
01/29/2017 10:50,SPR/DUN-SOUTH,23320,1693.1,4600,-9999
01/29/2017 10:50,TOTAL EAST,23314,4049.86,6500,-9999
01/29/2017 10:50,UPNY CONED,23315,1134.25,5100,-9999
01/29/2017 10:50,WEST CENTRAL,23312,1336.15,9999,-9999
01/29/2017 10:55,CENTRAL EAST - VC,23330,2032.38,2165,-9999
01/29/2017 10:55,DYSINGER EAST,23326,1786.1,3150,-9999
01/29/2017 10:55,MOSES SOUTH,23319,1782.61,3150,-1600
01/29/2017 10:55,SCH - HQ - NY,23324,1378,1500,-1000
01/29/2017 10:55,SCH - HQ_CEDARS,325274,199,199,-100
01/29/2017 10:55,SCH - HQ_IMPORT_EXPORT,325376,1074,1310,-9999
01/29/2017 10:55,SCH - NE - NY,23318,-1001.48,1400,-1600
01/29/2017 10:55,SCH - NPX_1385,325277,0,200,-200
01/29/2017 10:55,SCH - NPX_CSC,325154,0,330,-330
01/29/2017 10:55,SCH - OH - NY,23317,1198.64,1500,-1900
01/29/2017 10:55,SCH - PJ - NY,23316,662.32,2200,-1450
01/29/2017 10:55,SCH - PJM_HTP,325905,0,0,0
01/29/2017 10:55,SCH - PJM_NEPTUNE,325305,660,660,-660
01/29/2017 10:55,SCH - PJM_VFT,325658,315,315,-315
01/29/2017 10:55,SPR/DUN-SOUTH,23320,1694.09,4600,-9999
01/29/2017 10:55,TOTAL EAST,23314,4080.5,6500,-9999
01/29/2017 10:55,UPNY CONED,23315,1148.68,5100,-9999
01/29/2017 10:55,WEST CENTRAL,23312,1317.41,9999,-9999
01/29/2017 11:00,CENTRAL EAST - VC,23330,2065.49,2165,-9999
01/29/2017 11:00,DYSINGER EAST,23326,1869,3150,-9999
01/29/2017 11:00,MOSES SOUTH,23319,1779.19,3150,-1600
01/29/2017 11:00,SCH - HQ - NY,23324,1413,1500,-1000
01/29/2017 11:00,SCH - HQ_CEDARS,325274,199,199,-100
01/29/2017 11:00,SCH - HQ_IMPORT_EXPORT,325376,1109,1310,-9999
01/29/2017 11:00,SCH - NE - NY,23318,-996.48,1400,-1600
01/29/2017 11:00,SCH - NPX_1385,325277,0,200,-200
01/29/2017 11:00,SCH - NPX_CSC,325154,0,330,-330
01/29/2017 11:00,SCH - OH - NY,23317,1198.31,1500,-1900
01/29/2017 11:00,SCH - PJ - NY,23316,671.21,2200,-1450
01/29/2017 11:00,SCH - PJM_HTP,325905,0,0,0
01/29/2017 11:00,SCH - PJM_NEPTUNE,325305,660,660,-660
01/29/2017 11:00,SCH - PJM_VFT,325658,315,315,-315
01/29/2017 11:00,SPR/DUN-SOUTH,23320,1743.53,4600,-9999
01/29/2017 11:00,TOTAL EAST,23314,4118.36,6500,-9999
01/29/2017 11:00,UPNY CONED,23315,1210.12,5100,-9999
01/29/2017 11:00,WEST CENTRAL,23312,1397.14,9999,-9999
01/29/2017 11:05,CENTRAL EAST - VC,23330,2063.93,2165,-9999
01/29/2017 11:05,DYSINGER EAST,23326,1837.44,3150,-9999
01/29/2017 11:05,MOSES SOUTH,23319,1785.75,3150,-1600
01/29/2017 11:05,SCH - HQ - NY,23324,1448,1500,-1000
01/29/2017 11:05,SCH - HQ_CEDARS,325274,199,199,-100
01/29/2017 11:05,SCH - HQ_IMPORT_EXPORT,325376,1144,1310,-9999
01/29/2017 11:05,SCH - NE - NY,23318,-991.48,1400,-1600
01/29/2017 11:05,SCH - NPX_1385,325277,0,200,-200
01/29/2017 11:05,SCH - NPX_CSC,325154,0,330,-330
01/29/2017 11:05,SCH - OH - NY,23317,1198.32,1500,-1900
01/29/2017 11:05,SCH - PJ - NY,23316,683.35,2200,-1450
01/29/2017 11:05,SCH - PJM_HTP,325905,0,0,0
01/29/2017 11:05,SCH - PJM_NEPTUNE,325305,660,660,-660
01/29/2017 11:05,SCH - PJM_VFT,325658,315,315,-315
01/29/2017 11:05,SPR/DUN-SOUTH,23320,1728.48,4600,-9999
01/29/2017 11:05,TOTAL EAST,23314,4102.05,6500,-9999
01/29/2017 11:05,UPNY CONED,23315,1223.99,5100,-9999
01/29/2017 11:05,WEST CENTRAL,23312,1366.98,9999,-9999
01/29/2017 11:10,CENTRAL EAST - VC,23330,2064.53,2165,-9999
01/29/2017 11:10,DYSINGER EAST,23326,1824.4,3150,-9999
01/29/2017 11:10,MOSES SOUTH,23319,1790.78,3150,-1600
01/29/2017 11:10,SCH - HQ - NY,23324,1448,1500,-1000
01/29/2017 11:10,SCH - HQ_CEDARS,325274,199,199,-100
01/29/2017 11:10,SCH - HQ_IMPORT_EXPORT,325376,1144,1310,-9999
01/29/2017 11:10,SCH - NE - NY,23318,-991.51,1400,-1600
01/29/2017 11:10,SCH - NPX_1385,325277,0,200,-200
01/29/2017 11:10,SCH - NPX_CSC,325154,0,330,-330
01/29/2017 11:10,SCH - OH - NY,23317,1198.29,1500,-1900
01/29/2017 11:10,SCH - PJ - NY,23316,683.66,2200,-1450
01/29/2017 11:10,SCH - PJM_HTP,325905,0,0,0
01/29/2017 11:10,SCH - PJM_NEPTUNE,325305,660,660,-660
01/29/2017 11:10,SCH - PJM_VFT,325658,315,315,-315
01/29/2017 11:10,SPR/DUN-SOUTH,23320,1692.49,4600,-9999
01/29/2017 11:10,TOTAL EAST,23314,4151.35,6500,-9999
01/29/2017 11:10,UPNY CONED,23315,1209.58,5100,-9999
01/29/2017 11:10,WEST CENTRAL,23312,1353.82,9999,-9999
01/29/2017 11:15,CENTRAL EAST - VC,23330,2062.34,2165,-9999
01/29/2017 11:15,DYSINGER EAST,23326,1818.65,3150,-9999
01/29/2017 11:15,MOSES SOUTH,23319,1773.82,3150,-1600
01/29/2017 11:15,SCH - HQ - NY,23324,1448,1500,-1000
01/29/2017 11:15,SCH - HQ_CEDARS,325274,199,199,-100
01/29/2017 11:15,SCH - HQ_IMPORT_EXPORT,325376,1144,1310,-9999
01/29/2017 11:15,SCH - NE - NY,23318,-991.53,1400,-1600
01/29/2017 11:15,SCH - NPX_1385,325277,0,200,-200
01/29/2017 11:15,SCH - NPX_CSC,325154,0,330,-330
01/29/2017 11:15,SCH - OH - NY,23317,1198.28,1500,-1900
01/29/2017 11:15,SCH - PJ - NY,23316,698.92,2200,-1450
01/29/2017 11:15,SCH - PJM_HTP,325905,0,0,0
01/29/2017 11:15,SCH - PJM_NEPTUNE,325305,660,660,-660
01/29/2017 11:15,SCH - PJM_VFT,325658,315,315,-315
01/29/2017 11:15,SPR/DUN-SOUTH,23320,1690.57,4600,-9999
01/29/2017 11:15,TOTAL EAST,23314,4177.51,6500,-9999
01/29/2017 11:15,UPNY CONED,23315,1216.36,5100,-9999
01/29/2017 11:15,WEST CENTRAL,23312,1345.19,9999,-9999
01/29/2017 11:20,CENTRAL EAST - VC,23330,2062.64,2165,-9999
01/29/2017 11:20,DYSINGER EAST,23326,1814.01,3150,-9999
01/29/2017 11:20,MOSES SOUTH,23319,1804.87,3150,-1600
01/29/2017 11:20,SCH - HQ - NY,23324,1448,1500,-1000
01/29/2017 11:20,SCH - HQ_CEDARS,325274,199,199,-100
01/29/2017 11:20,SCH - HQ_IMPORT_EXPORT,325376,1144,1310,-9999
01/29/2017 11:20,SCH - NE - NY,23318,-991.52,1400,-1600
01/29/2017 11:20,SCH - NPX_1385,325277,0,200,-200
01/29/2017 11:20,SCH - NPX_CSC,325154,0,330,-330
01/29/2017 11:20,SCH - OH - NY,23317,1198.32,1500,-1900
01/29/2017 11:20,SCH - PJ - NY,23316,719.15,2200,-1450
01/29/2017 11:20,SCH - PJM_HTP,325905,0,0,0
01/29/2017 11:20,SCH - PJM_NEPTUNE,325305,660,660,-660
01/29/2017 11:20,SCH - PJM_VFT,325658,315,315,-315
01/29/2017 11:20,SPR/DUN-SOUTH,23320,1700.91,4600,-9999
01/29/2017 11:20,TOTAL EAST,23314,4142.28,6500,-9999
01/29/2017 11:20,UPNY CONED,23315,1236.23,5100,-9999
01/29/2017 11:20,WEST CENTRAL,23312,1335.56,9999,-9999
01/29/2017 11:25,CENTRAL EAST - VC,23330,2064.98,2165,-9999
01/29/2017 11:25,DYSINGER EAST,23326,1855.41,3150,-9999
01/29/2017 11:25,MOSES SOUTH,23319,1778.94,3150,-1600
01/29/2017 11:25,SCH - HQ - NY,23324,1448,1500,-1000
01/29/2017 11:25,SCH - HQ_CEDARS,325274,199,199,-100
01/29/2017 11:25,SCH - HQ_IMPORT_EXPORT,325376,1144,1310,-9999
01/29/2017 11:25,SCH - NE - NY,23318,-991.5,1400,-1600
01/29/2017 11:25,SCH - NPX_1385,325277,0,200,-200
01/29/2017 11:25,SCH - NPX_CSC,325154,0,330,-330
01/29/2017 11:25,SCH - OH - NY,23317,1198.26,1500,-1900
01/29/2017 11:25,SCH - PJ - NY,23316,720.73,2200,-1450
01/29/2017 11:25,SCH - PJM_HTP,325905,0,0,0
01/29/2017 11:25,SCH - PJM_NEPTUNE,325305,660,660,-660
01/29/2017 11:25,SCH - PJM_VFT,325658,315,315,-315
01/29/2017 11:25,SPR/DUN-SOUTH,23320,1698.49,4600,-9999
01/29/2017 11:25,TOTAL EAST,23314,4154.06,6500,-9999
01/29/2017 11:25,UPNY CONED,23315,1239.2,5100,-9999
01/29/2017 11:25,WEST CENTRAL,23312,1370.21,9999,-9999
01/29/2017 11:30,CENTRAL EAST - VC,23330,2047.36,2165,-9999
01/29/2017 11:30,DYSINGER EAST,23326,1791.12,3150,-9999
01/29/2017 11:30,MOSES SOUTH,23319,1814.26,3150,-1600
01/29/2017 11:30,SCH - HQ - NY,23324,1448,1500,-1000
01/29/2017 11:30,SCH - HQ_CEDARS,325274,199,199,-100
01/29/2017 11:30,SCH - HQ_IMPORT_EXPORT,325376,1144,1310,-9999
01/29/2017 11:30,SCH - NE - NY,23318,-971.55,1400,-1600
01/29/2017 11:30,SCH - NPX_1385,325277,0,200,-200
01/29/2017 11:30,SCH - NPX_CSC,325154,0,330,-330
01/29/2017 11:30,SCH - OH - NY,23317,1198.53,1500,-1900
01/29/2017 11:30,SCH - PJ - NY,23316,695.36,2200,-1450
01/29/2017 11:30,SCH - PJM_HTP,325905,0,0,0
01/29/2017 11:30,SCH - PJM_NEPTUNE,325305,660,660,-660
01/29/2017 11:30,SCH - PJM_VFT,325658,315,315,-315
01/29/2017 11:30,SPR/DUN-SOUTH,23320,1664.32,4600,-9999
01/29/2017 11:30,TOTAL EAST,23314,4156.14,6500,-9999
01/29/2017 11:30,UPNY CONED,23315,1195.39,5100,-9999
01/29/2017 11:30,WEST CENTRAL,23312,1306.13,9999,-9999
01/29/2017 11:35,CENTRAL EAST - VC,23330,2049.71,2165,-9999
01/29/2017 11:35,DYSINGER EAST,23326,1805.53,3150,-9999
01/29/2017 11:35,MOSES SOUTH,23319,1832.5,3150,-1600
01/29/2017 11:35,SCH - HQ - NY,23324,1448,1500,-1000
01/29/2017 11:35,SCH - HQ_CEDARS,325274,199,199,-100
01/29/2017 11:35,SCH - HQ_IMPORT_EXPORT,325376,1144,1310,-9999
01/29/2017 11:35,SCH - NE - NY,23318,-951.57,1400,-1600
01/29/2017 11:35,SCH - NPX_1385,325277,0,200,-200
01/29/2017 11:35,SCH - NPX_CSC,325154,0,330,-330
01/29/2017 11:35,SCH - OH - NY,23317,1198.44,1500,-1900
01/29/2017 11:35,SCH - PJ - NY,23316,672.38,2200,-1450
01/29/2017 11:35,SCH - PJM_HTP,325905,0,0,0
01/29/2017 11:35,SCH - PJM_NEPTUNE,325305,660,660,-660
01/29/2017 11:35,SCH - PJM_VFT,325658,315,315,-315
01/29/2017 11:35,SPR/DUN-SOUTH,23320,1694.09,4600,-9999
01/29/2017 11:35,TOTAL EAST,23314,4124.27,6500,-9999
01/29/2017 11:35,UPNY CONED,23315,1202.35,5100,-9999
01/29/2017 11:35,WEST CENTRAL,23312,1320.99,9999,-9999
01/29/2017 11:40,CENTRAL EAST - VC,23330,2044.64,2165,-9999
01/29/2017 11:40,DYSINGER EAST,23326,1797.11,3150,-9999
01/29/2017 11:40,MOSES SOUTH,23319,1807.24,3150,-1600
01/29/2017 11:40,SCH - HQ - NY,23324,1448,1500,-1000
01/29/2017 11:40,SCH - HQ_CEDARS,325274,199,199,-100
01/29/2017 11:40,SCH - HQ_IMPORT_EXPORT,325376,1144,1310,-9999
01/29/2017 11:40,SCH - NE - NY,23318,-951.59,1400,-1600
01/29/2017 11:40,SCH - NPX_1385,325277,0,200,-200
01/29/2017 11:40,SCH - NPX_CSC,325154,0,330,-330
01/29/2017 11:40,SCH - OH - NY,23317,1198.53,1500,-1900
01/29/2017 11:40,SCH - PJ - NY,23316,675.25,2200,-1450
01/29/2017 11:40,SCH - PJM_HTP,325905,0,0,0
01/29/2017 11:40,SCH - PJM_NEPTUNE,325305,660,660,-660
01/29/2017 11:40,SCH - PJM_VFT,325658,315,315,-315
01/29/2017 11:40,SPR/DUN-SOUTH,23320,1746.38,4600,-9999
01/29/2017 11:40,TOTAL EAST,23314,4167.77,6500,-9999
01/29/2017 11:40,UPNY CONED,23315,1229.06,5100,-9999
01/29/2017 11:40,WEST CENTRAL,23312,1313.52,9999,-9999
01/29/2017 11:45,CENTRAL EAST - VC,23330,2038.22,2165,-9999
01/29/2017 11:45,DYSINGER EAST,23326,1781.66,3150,-9999
01/29/2017 11:45,MOSES SOUTH,23319,1821.54,3150,-1600
01/29/2017 11:45,SCH - HQ - NY,23324,1448,1500,-1000
01/29/2017 11:45,SCH - HQ_CEDARS,325274,199,199,-100
01/29/2017 11:45,SCH - HQ_IMPORT_EXPORT,325376,1144,1310,-9999
01/29/2017 11:45,SCH - NE - NY,23318,-951.59,1400,-1600
01/29/2017 11:45,SCH - NPX_1385,325277,0,200,-200
01/29/2017 11:45,SCH - NPX_CSC,325154,0,330,-330
01/29/2017 11:45,SCH - OH - NY,23317,1198.55,1500,-1900
01/29/2017 11:45,SCH - PJ - NY,23316,683.47,2200,-1450
01/29/2017 11:45,SCH - PJM_HTP,325905,0,0,0
01/29/2017 11:45,SCH - PJM_NEPTUNE,325305,660,660,-660
01/29/2017 11:45,SCH - PJM_VFT,325658,315,315,-315
01/29/2017 11:45,SPR/DUN-SOUTH,23320,1734.89,4600,-9999
01/29/2017 11:45,TOTAL EAST,23314,4167.09,6500,-9999
01/29/2017 11:45,UPNY CONED,23315,1212.31,5100,-9999
01/29/2017 11:45,WEST CENTRAL,23312,1299.81,9999,-9999
01/29/2017 11:50,CENTRAL EAST - VC,23330,2011,2165,-9999
01/29/2017 11:50,DYSINGER EAST,23326,1768.67,3150,-9999
01/29/2017 11:50,MOSES SOUTH,23319,1813.23,3150,-1600
01/29/2017 11:50,SCH - HQ - NY,23324,1448,1500,-1000
01/29/2017 11:50,SCH - HQ_CEDARS,325274,199,199,-100
01/29/2017 11:50,SCH - HQ_IMPORT_EXPORT,325376,1144,1310,-9999
01/29/2017 11:50,SCH - NE - NY,23318,-951.57,1400,-1600
01/29/2017 11:50,SCH - NPX_1385,325277,0,200,-200
01/29/2017 11:50,SCH - NPX_CSC,325154,0,330,-330
01/29/2017 11:50,SCH - OH - NY,23317,1198.59,1500,-1900
01/29/2017 11:50,SCH - PJ - NY,23316,695.39,2200,-1450
01/29/2017 11:50,SCH - PJM_HTP,325905,0,0,0
01/29/2017 11:50,SCH - PJM_NEPTUNE,325305,660,660,-660
01/29/2017 11:50,SCH - PJM_VFT,325658,315,315,-315
01/29/2017 11:50,SPR/DUN-SOUTH,23320,1692.56,4600,-9999
01/29/2017 11:50,TOTAL EAST,23314,4154.63,6500,-9999
01/29/2017 11:50,UPNY CONED,23315,1166.52,5100,-9999
01/29/2017 11:50,WEST CENTRAL,23312,1287.56,9999,-9999
01/29/2017 11:55,CENTRAL EAST - VC,23330,2015.58,2165,-9999
01/29/2017 11:55,DYSINGER EAST,23326,1744.25,3150,-9999
01/29/2017 11:55,MOSES SOUTH,23319,1842.56,3150,-1600
01/29/2017 11:55,SCH - HQ - NY,23324,1448,1500,-1000
01/29/2017 11:55,SCH - HQ_CEDARS,325274,199,199,-100
01/29/2017 11:55,SCH - HQ_IMPORT_EXPORT,325376,1144,1310,-9999
01/29/2017 11:55,SCH - NE - NY,23318,-951.56,1400,-1600
01/29/2017 11:55,SCH - NPX_1385,325277,0,200,-200
01/29/2017 11:55,SCH - NPX_CSC,325154,0,330,-330
01/29/2017 11:55,SCH - OH - NY,23317,1198.74,1500,-1900
01/29/2017 11:55,SCH - PJ - NY,23316,694.23,2200,-1450
01/29/2017 11:55,SCH - PJM_HTP,325905,0,0,0
01/29/2017 11:55,SCH - PJM_NEPTUNE,325305,660,660,-660
01/29/2017 11:55,SCH - PJM_VFT,325658,315,315,-315
01/29/2017 11:55,SPR/DUN-SOUTH,23320,1693.94,4600,-9999
01/29/2017 11:55,TOTAL EAST,23314,4148.97,6500,-9999
01/29/2017 11:55,UPNY CONED,23315,1161.73,5100,-9999
01/29/2017 11:55,WEST CENTRAL,23312,1263.65,9999,-9999
01/29/2017 12:00,CENTRAL EAST - VC,23330,2011.5,2165,-9999
01/29/2017 12:00,DYSINGER EAST,23326,1789.06,3150,-9999
01/29/2017 12:00,MOSES SOUTH,23319,1856.65,3150,-1600
01/29/2017 12:00,SCH - HQ - NY,23324,1468,1500,-1000
01/29/2017 12:00,SCH - HQ_CEDARS,325274,199,199,-100
01/29/2017 12:00,SCH - HQ_IMPORT_EXPORT,325376,1164,1310,-9999
01/29/2017 12:00,SCH - NE - NY,23318,-871.61,1400,-1600
01/29/2017 12:00,SCH - NPX_1385,325277,0,200,-200
01/29/2017 12:00,SCH - NPX_CSC,325154,0,330,-330
01/29/2017 12:00,SCH - OH - NY,23317,1198.54,1500,-1900
01/29/2017 12:00,SCH - PJ - NY,23316,699.66,2200,-1450
01/29/2017 12:00,SCH - PJM_HTP,325905,0,0,0
01/29/2017 12:00,SCH - PJM_NEPTUNE,325305,660,660,-660
01/29/2017 12:00,SCH - PJM_VFT,325658,315,315,-315
01/29/2017 12:00,SPR/DUN-SOUTH,23320,1775.28,4600,-9999
01/29/2017 12:00,TOTAL EAST,23314,4111.07,6500,-9999
01/29/2017 12:00,UPNY CONED,23315,1217.11,5100,-9999
01/29/2017 12:00,WEST CENTRAL,23312,1303.82,9999,-9999
01/29/2017 12:05,CENTRAL EAST - VC,23330,1957.71,2165,-9999
01/29/2017 12:05,DYSINGER EAST,23326,1726.86,3150,-9999
01/29/2017 12:05,MOSES SOUTH,23319,1874.28,3150,-1600
01/29/2017 12:05,SCH - HQ - NY,23324,1488,1500,-1000
01/29/2017 12:05,SCH - HQ_CEDARS,325274,199,199,-100
01/29/2017 12:05,SCH - HQ_IMPORT_EXPORT,325376,1184,1310,-9999
01/29/2017 12:05,SCH - NE - NY,23318,-791.7,1400,-1600
01/29/2017 12:05,SCH - NPX_1385,325277,0,200,-200
01/29/2017 12:05,SCH - NPX_CSC,325154,0,330,-330
01/29/2017 12:05,SCH - OH - NY,23317,1198.58,1500,-1900
01/29/2017 12:05,SCH - PJ - NY,23316,701.99,2200,-1450
01/29/2017 12:05,SCH - PJM_HTP,325905,0,0,0
01/29/2017 12:05,SCH - PJM_NEPTUNE,325305,660,660,-660
01/29/2017 12:05,SCH - PJM_VFT,325658,315,315,-315
01/29/2017 12:05,SPR/DUN-SOUTH,23320,1755.94,4600,-9999
01/29/2017 12:05,TOTAL EAST,23314,4068.78,6500,-9999
01/29/2017 12:05,UPNY CONED,23315,1197.62,5100,-9999
01/29/2017 12:05,WEST CENTRAL,23312,1240.84,9999,-9999
01/29/2017 12:10,CENTRAL EAST - VC,23330,1986.46,2165,-9999
01/29/2017 12:10,DYSINGER EAST,23326,1800.4,3150,-9999
01/29/2017 12:10,MOSES SOUTH,23319,1883.51,3150,-1600
01/29/2017 12:10,SCH - HQ - NY,23324,1488,1500,-1000
01/29/2017 12:10,SCH - HQ_CEDARS,325274,199,199,-100
01/29/2017 12:10,SCH - HQ_IMPORT_EXPORT,325376,1184,1310,-9999
01/29/2017 12:10,SCH - NE - NY,23318,-791.72,1400,-1600
01/29/2017 12:10,SCH - NPX_1385,325277,0,200,-200
01/29/2017 12:10,SCH - NPX_CSC,325154,0,330,-330
01/29/2017 12:10,SCH - OH - NY,23317,1198.45,1500,-1900
01/29/2017 12:10,SCH - PJ - NY,23316,703.61,2200,-1450
01/29/2017 12:10,SCH - PJM_HTP,325905,0,0,0
01/29/2017 12:10,SCH - PJM_NEPTUNE,325305,660,660,-660
01/29/2017 12:10,SCH - PJM_VFT,325658,315,315,-315
01/29/2017 12:10,SPR/DUN-SOUTH,23320,1778.91,4600,-9999
01/29/2017 12:10,TOTAL EAST,23314,4098.59,6500,-9999
01/29/2017 12:10,UPNY CONED,23315,1219.78,5100,-9999
01/29/2017 12:10,WEST CENTRAL,23312,1310.07,9999,-9999
01/29/2017 12:15,CENTRAL EAST - VC,23330,1967.21,2165,-9999
01/29/2017 12:15,DYSINGER EAST,23326,1794.95,3150,-9999
01/29/2017 12:15,MOSES SOUTH,23319,1906.87,3150,-1600
01/29/2017 12:15,SCH - HQ - NY,23324,1488,1500,-1000
01/29/2017 12:15,SCH - HQ_CEDARS,325274,199,199,-100
01/29/2017 12:15,SCH - HQ_IMPORT_EXPORT,325376,1184,1310,-9999
01/29/2017 12:15,SCH - NE - NY,23318,-791.7,1400,-1600
01/29/2017 12:15,SCH - NPX_1385,325277,0,200,-200
01/29/2017 12:15,SCH - NPX_CSC,325154,0,330,-330
01/29/2017 12:15,SCH - OH - NY,23317,1198.44,1500,-1900
01/29/2017 12:15,SCH - PJ - NY,23316,726.86,2200,-1450
01/29/2017 12:15,SCH - PJM_HTP,325905,0,0,0
01/29/2017 12:15,SCH - PJM_NEPTUNE,325305,660,660,-660
01/29/2017 12:15,SCH - PJM_VFT,325658,315,315,-315
01/29/2017 12:15,SPR/DUN-SOUTH,23320,1766.73,4600,-9999
01/29/2017 12:15,TOTAL EAST,23314,4079.78,6500,-9999
01/29/2017 12:15,UPNY CONED,23315,1193.38,5100,-9999
01/29/2017 12:15,WEST CENTRAL,23312,1300.82,9999,-9999
01/29/2017 12:20,CENTRAL EAST - VC,23330,1983.05,2165,-9999
01/29/2017 12:20,DYSINGER EAST,23326,1806.02,3150,-9999
01/29/2017 12:20,MOSES SOUTH,23319,1868.8,3150,-1600
01/29/2017 12:20,SCH - HQ - NY,23324,1488,1500,-1000
01/29/2017 12:20,SCH - HQ_CEDARS,325274,199,199,-100
01/29/2017 12:20,SCH - HQ_IMPORT_EXPORT,325376,1184,1310,-9999
01/29/2017 12:20,SCH - NE - NY,23318,-791.69,1400,-1600
01/29/2017 12:20,SCH - NPX_1385,325277,0,200,-200
01/29/2017 12:20,SCH - NPX_CSC,325154,0,330,-330
01/29/2017 12:20,SCH - OH - NY,23317,1198.48,1500,-1900
01/29/2017 12:20,SCH - PJ - NY,23316,747.87,2200,-1450
01/29/2017 12:20,SCH - PJM_HTP,325905,0,0,0
01/29/2017 12:20,SCH - PJM_NEPTUNE,325305,660,660,-660
01/29/2017 12:20,SCH - PJM_VFT,325658,315,315,-315
01/29/2017 12:20,SPR/DUN-SOUTH,23320,1767.77,4600,-9999
01/29/2017 12:20,TOTAL EAST,23314,4122.17,6500,-9999
01/29/2017 12:20,UPNY CONED,23315,1208.54,5100,-9999
01/29/2017 12:20,WEST CENTRAL,23312,1312.9,9999,-9999
01/29/2017 12:25,CENTRAL EAST - VC,23330,1985.88,2165,-9999
01/29/2017 12:25,DYSINGER EAST,23326,1747.51,3150,-9999
01/29/2017 12:25,MOSES SOUTH,23319,1855.46,3150,-1600
01/29/2017 12:25,SCH - HQ - NY,23324,1488,1500,-1000
01/29/2017 12:25,SCH - HQ_CEDARS,325274,199,199,-100
01/29/2017 12:25,SCH - HQ_IMPORT_EXPORT,325376,1184,1310,-9999
01/29/2017 12:25,SCH - NE - NY,23318,-791.67,1400,-1600
01/29/2017 12:25,SCH - NPX_1385,325277,0,200,-200
01/29/2017 12:25,SCH - NPX_CSC,325154,0,330,-330
01/29/2017 12:25,SCH - OH - NY,23317,1198.58,1500,-1900
01/29/2017 12:25,SCH - PJ - NY,23316,748.45,2200,-1450
01/29/2017 12:25,SCH - PJM_HTP,325905,0,0,0
01/29/2017 12:25,SCH - PJM_NEPTUNE,325305,660,660,-660
01/29/2017 12:25,SCH - PJM_VFT,325658,315,315,-315
01/29/2017 12:25,SPR/DUN-SOUTH,23320,1758.89,4600,-9999
01/29/2017 12:25,TOTAL EAST,23314,4140.28,6500,-9999
01/29/2017 12:25,UPNY CONED,23315,1191.2,5100,-9999
01/29/2017 12:25,WEST CENTRAL,23312,1254.81,9999,-9999
01/29/2017 12:30,CENTRAL EAST - VC,23330,1988.48,2165,-9999
01/29/2017 12:30,DYSINGER EAST,23326,1727.67,3150,-9999
01/29/2017 12:30,MOSES SOUTH,23319,1865.98,3150,-1600
01/29/2017 12:30,SCH - HQ - NY,23324,1488,1500,-1000
01/29/2017 12:30,SCH - HQ_CEDARS,325274,199,199,-100
01/29/2017 12:30,SCH - HQ_IMPORT_EXPORT,325376,1184,1310,-9999
01/29/2017 12:30,SCH - NE - NY,23318,-791.67,1400,-1600
01/29/2017 12:30,SCH - NPX_1385,325277,0,200,-200
01/29/2017 12:30,SCH - NPX_CSC,325154,0,330,-330
01/29/2017 12:30,SCH - OH - NY,23317,1198.57,1500,-1900
01/29/2017 12:30,SCH - PJ - NY,23316,707.71,2200,-1450
01/29/2017 12:30,SCH - PJM_HTP,325905,0,0,0
01/29/2017 12:30,SCH - PJM_NEPTUNE,325305,660,660,-660
01/29/2017 12:30,SCH - PJM_VFT,325658,315,315,-315
01/29/2017 12:30,SPR/DUN-SOUTH,23320,1749.04,4600,-9999
01/29/2017 12:30,TOTAL EAST,23314,4123.24,6500,-9999
01/29/2017 12:30,UPNY CONED,23315,1173.04,5100,-9999
01/29/2017 12:30,WEST CENTRAL,23312,1237.05,9999,-9999
01/29/2017 12:35,CENTRAL EAST - VC,23330,1998.71,2165,-9999
01/29/2017 12:35,DYSINGER EAST,23326,1703.17,3150,-9999
01/29/2017 12:35,MOSES SOUTH,23319,1879.92,3150,-1600
01/29/2017 12:35,SCH - HQ - NY,23324,1488,1500,-1000
01/29/2017 12:35,SCH - HQ_CEDARS,325274,199,199,-100
01/29/2017 12:35,SCH - HQ_IMPORT_EXPORT,325376,1184,1310,-9999
01/29/2017 12:35,SCH - NE - NY,23318,-791.67,1400,-1600
01/29/2017 12:35,SCH - NPX_1385,325277,0,200,-200
01/29/2017 12:35,SCH - NPX_CSC,325154,0,330,-330
01/29/2017 12:35,SCH - OH - NY,23317,1198.57,1500,-1900
01/29/2017 12:35,SCH - PJ - NY,23316,664.65,2200,-1450
01/29/2017 12:35,SCH - PJM_HTP,325905,0,0,0
01/29/2017 12:35,SCH - PJM_NEPTUNE,325305,660,660,-660
01/29/2017 12:35,SCH - PJM_VFT,325658,315,315,-315
01/29/2017 12:35,SPR/DUN-SOUTH,23320,1761.7,4600,-9999
01/29/2017 12:35,TOTAL EAST,23314,4117.3,6500,-9999
01/29/2017 12:35,UPNY CONED,23315,1178.49,5100,-9999
01/29/2017 12:35,WEST CENTRAL,23312,1210.42,9999,-9999
01/29/2017 12:40,CENTRAL EAST - VC,23330,2021.85,2165,-9999
01/29/2017 12:40,DYSINGER EAST,23326,1715.72,3150,-9999
01/29/2017 12:40,MOSES SOUTH,23319,1928.1,3150,-1600
01/29/2017 12:40,SCH - HQ - NY,23324,1488,1500,-1000
01/29/2017 12:40,SCH - HQ_CEDARS,325274,199,199,-100
01/29/2017 12:40,SCH - HQ_IMPORT_EXPORT,325376,1184,1310,-9999
01/29/2017 12:40,SCH - NE - NY,23318,-791.67,1400,-1600
01/29/2017 12:40,SCH - NPX_1385,325277,0,200,-200
01/29/2017 12:40,SCH - NPX_CSC,325154,0,330,-330
01/29/2017 12:40,SCH - OH - NY,23317,1198.56,1500,-1900
01/29/2017 12:40,SCH - PJ - NY,23316,664.62,2200,-1450
01/29/2017 12:40,SCH - PJM_HTP,325905,0,0,0
01/29/2017 12:40,SCH - PJM_NEPTUNE,325305,660,660,-660
01/29/2017 12:40,SCH - PJM_VFT,325658,315,315,-315
01/29/2017 12:40,SPR/DUN-SOUTH,23320,1891.94,4600,-9999
01/29/2017 12:40,TOTAL EAST,23314,4109.18,6500,-9999
01/29/2017 12:40,UPNY CONED,23315,1304.72,5100,-9999
01/29/2017 12:40,WEST CENTRAL,23312,1219.79,9999,-9999
01/29/2017 12:45,CENTRAL EAST - VC,23330,2028.51,2165,-9999
01/29/2017 12:45,DYSINGER EAST,23326,1725.79,3150,-9999
01/29/2017 12:45,MOSES SOUTH,23319,1925.55,3150,-1600
01/29/2017 12:45,SCH - HQ - NY,23324,1488,1500,-1000
01/29/2017 12:45,SCH - HQ_CEDARS,325274,199,199,-100
01/29/2017 12:45,SCH - HQ_IMPORT_EXPORT,325376,1184,1310,-9999
01/29/2017 12:45,SCH - NE - NY,23318,-791.62,1400,-1600
01/29/2017 12:45,SCH - NPX_1385,325277,0,200,-200
01/29/2017 12:45,SCH - NPX_CSC,325154,0,330,-330
01/29/2017 12:45,SCH - OH - NY,23317,1198.65,1500,-1900
01/29/2017 12:45,SCH - PJ - NY,23316,661.54,2200,-1450
01/29/2017 12:45,SCH - PJM_HTP,325905,0,0,0
01/29/2017 12:45,SCH - PJM_NEPTUNE,325305,660,660,-660
01/29/2017 12:45,SCH - PJM_VFT,325658,315,315,-315
01/29/2017 12:45,SPR/DUN-SOUTH,23320,1895.48,4600,-9999
01/29/2017 12:45,TOTAL EAST,23314,4108.68,6500,-9999
01/29/2017 12:45,UPNY CONED,23315,1307.27,5100,-9999
01/29/2017 12:45,WEST CENTRAL,23312,1229.13,9999,-9999
01/29/2017 12:50,CENTRAL EAST - VC,23330,2026.44,2165,-9999
01/29/2017 12:50,DYSINGER EAST,23326,1726.31,3150,-9999
01/29/2017 12:50,MOSES SOUTH,23319,1947.88,3150,-1600
01/29/2017 12:50,SCH - HQ - NY,23324,1488,1500,-1000
01/29/2017 12:50,SCH - HQ_CEDARS,325274,199,199,-100
01/29/2017 12:50,SCH - HQ_IMPORT_EXPORT,325376,1184,1310,-9999
01/29/2017 12:50,SCH - NE - NY,23318,-791.62,1400,-1600
01/29/2017 12:50,SCH - NPX_1385,325277,0,200,-200
01/29/2017 12:50,SCH - NPX_CSC,325154,0,330,-330
01/29/2017 12:50,SCH - OH - NY,23317,1198.54,1500,-1900
01/29/2017 12:50,SCH - PJ - NY,23316,660.17,2200,-1450
01/29/2017 12:50,SCH - PJM_HTP,325905,0,0,0
01/29/2017 12:50,SCH - PJM_NEPTUNE,325305,660,660,-660
01/29/2017 12:50,SCH - PJM_VFT,325658,315,315,-315
01/29/2017 12:50,SPR/DUN-SOUTH,23320,1888.23,4600,-9999
01/29/2017 12:50,TOTAL EAST,23314,4120.02,6500,-9999
01/29/2017 12:50,UPNY CONED,23315,1315.66,5100,-9999
01/29/2017 12:50,WEST CENTRAL,23312,1231.31,9999,-9999
01/29/2017 12:55,CENTRAL EAST - VC,23330,2066.03,2165,-9999
01/29/2017 12:55,DYSINGER EAST,23326,1757.08,3150,-9999
01/29/2017 12:55,MOSES SOUTH,23319,1961.44,3150,-1600
01/29/2017 12:55,SCH - HQ - NY,23324,1488,1500,-1000
01/29/2017 12:55,SCH - HQ_CEDARS,325274,199,199,-100
01/29/2017 12:55,SCH - HQ_IMPORT_EXPORT,325376,1184,1310,-9999
01/29/2017 12:55,SCH - NE - NY,23318,-791.61,1400,-1600
01/29/2017 12:55,SCH - NPX_1385,325277,0,200,-200
01/29/2017 12:55,SCH - NPX_CSC,325154,0,330,-330
01/29/2017 12:55,SCH - OH - NY,23317,1198.38,1500,-1900
01/29/2017 12:55,SCH - PJ - NY,23316,657.65,2200,-1450
01/29/2017 12:55,SCH - PJM_HTP,325905,0,0,0
01/29/2017 12:55,SCH - PJM_NEPTUNE,325305,660,660,-660
01/29/2017 12:55,SCH - PJM_VFT,325658,315,315,-315
01/29/2017 12:55,SPR/DUN-SOUTH,23320,1915.59,4600,-9999
01/29/2017 12:55,TOTAL EAST,23314,4124.76,6500,-9999
01/29/2017 12:55,UPNY CONED,23315,1350.78,5100,-9999
01/29/2017 12:55,WEST CENTRAL,23312,1265.08,9999,-9999
01/29/2017 13:00,CENTRAL EAST - VC,23330,2046.92,2165,-9999
01/29/2017 13:00,DYSINGER EAST,23326,1768.48,3150,-9999
01/29/2017 13:00,MOSES SOUTH,23319,1920.95,3150,-1600
01/29/2017 13:00,SCH - HQ - NY,23324,1494,1500,-1000
01/29/2017 13:00,SCH - HQ_CEDARS,325274,199,199,-100
01/29/2017 13:00,SCH - HQ_IMPORT_EXPORT,325376,1190,1310,-9999
01/29/2017 13:00,SCH - NE - NY,23318,-856.57,1400,-1600
01/29/2017 13:00,SCH - NPX_1385,325277,5,200,-200
01/29/2017 13:00,SCH - NPX_CSC,325154,0,330,-330
01/29/2017 13:00,SCH - OH - NY,23317,1198.36,1500,-1900
01/29/2017 13:00,SCH - PJ - NY,23316,684.37,2200,-1450
01/29/2017 13:00,SCH - PJM_HTP,325905,0,0,0
01/29/2017 13:00,SCH - PJM_NEPTUNE,325305,660,660,-660
01/29/2017 13:00,SCH - PJM_VFT,325658,315,315,-315
01/29/2017 13:00,SPR/DUN-SOUTH,23320,1891.69,4600,-9999
01/29/2017 13:00,TOTAL EAST,23314,4171.89,6500,-9999
01/29/2017 13:00,UPNY CONED,23315,1306.47,5100,-9999
01/29/2017 13:00,WEST CENTRAL,23312,1277.67,9999,-9999
01/29/2017 13:05,CENTRAL EAST - VC,23330,2057.76,2165,-9999
01/29/2017 13:05,DYSINGER EAST,23326,1773.53,3150,-9999
01/29/2017 13:05,MOSES SOUTH,23319,1907.15,3150,-1600
01/29/2017 13:05,SCH - HQ - NY,23324,1500,1500,-1000
01/29/2017 13:05,SCH - HQ_CEDARS,325274,199,199,-100
01/29/2017 13:05,SCH - HQ_IMPORT_EXPORT,325376,1196,1310,-9999
01/29/2017 13:05,SCH - NE - NY,23318,-921.44,1400,-1600
01/29/2017 13:05,SCH - NPX_1385,325277,10,200,-200
01/29/2017 13:05,SCH - NPX_CSC,325154,0,330,-330
01/29/2017 13:05,SCH - OH - NY,23317,1198.26,1500,-1900
01/29/2017 13:05,SCH - PJ - NY,23316,713.06,2200,-1450
01/29/2017 13:05,SCH - PJM_HTP,325905,0,0,0
01/29/2017 13:05,SCH - PJM_NEPTUNE,325305,660,660,-660
01/29/2017 13:05,SCH - PJM_VFT,325658,315,315,-315
01/29/2017 13:05,SPR/DUN-SOUTH,23320,1891.08,4600,-9999
01/29/2017 13:05,TOTAL EAST,23314,4176.62,6500,-9999
01/29/2017 13:05,UPNY CONED,23315,1287.74,5100,-9999
01/29/2017 13:05,WEST CENTRAL,23312,1281.83,9999,-9999
01/29/2017 13:10,CENTRAL EAST - VC,23330,2066.16,2165,-9999
01/29/2017 13:10,DYSINGER EAST,23326,1772.61,3150,-9999
01/29/2017 13:10,MOSES SOUTH,23319,1933.32,3150,-1600
01/29/2017 13:10,SCH - HQ - NY,23324,1500,1500,-1000
01/29/2017 13:10,SCH - HQ_CEDARS,325274,199,199,-100
01/29/2017 13:10,SCH - HQ_IMPORT_EXPORT,325376,1196,1310,-9999
01/29/2017 13:10,SCH - NE - NY,23318,-921.48,1400,-1600
01/29/2017 13:10,SCH - NPX_1385,325277,10,200,-200
01/29/2017 13:10,SCH - NPX_CSC,325154,0,330,-330
01/29/2017 13:10,SCH - OH - NY,23317,1198.22,1500,-1900
01/29/2017 13:10,SCH - PJ - NY,23316,712.09,2200,-1450
01/29/2017 13:10,SCH - PJM_HTP,325905,0,0,0
01/29/2017 13:10,SCH - PJM_NEPTUNE,325305,660,660,-660
01/29/2017 13:10,SCH - PJM_VFT,325658,315,315,-315
01/29/2017 13:10,SPR/DUN-SOUTH,23320,1874.83,4600,-9999
01/29/2017 13:10,TOTAL EAST,23314,4187.86,6500,-9999
01/29/2017 13:10,UPNY CONED,23315,1278.52,5100,-9999
01/29/2017 13:10,WEST CENTRAL,23312,1284.34,9999,-9999
01/29/2017 13:15,CENTRAL EAST - VC,23330,2116.71,2225,-9999
01/29/2017 13:15,DYSINGER EAST,23326,1737.35,3150,-9999
01/29/2017 13:15,MOSES SOUTH,23319,1961.69,3150,-1600
01/29/2017 13:15,SCH - HQ - NY,23324,1500,1500,-1000
01/29/2017 13:15,SCH - HQ_CEDARS,325274,199,199,-100
01/29/2017 13:15,SCH - HQ_IMPORT_EXPORT,325376,1196,1310,-9999
01/29/2017 13:15,SCH - NE - NY,23318,-932.47,1400,-1600
01/29/2017 13:15,SCH - NPX_1385,325277,10,200,-200
01/29/2017 13:15,SCH - NPX_CSC,325154,0,330,-330
01/29/2017 13:15,SCH - OH - NY,23317,1198.59,1500,-1900
01/29/2017 13:15,SCH - PJ - NY,23316,661.47,2200,-1450
01/29/2017 13:15,SCH - PJM_HTP,325905,0,0,0
01/29/2017 13:15,SCH - PJM_NEPTUNE,325305,660,660,-660
01/29/2017 13:15,SCH - PJM_VFT,325658,315,315,-315
01/29/2017 13:15,SPR/DUN-SOUTH,23320,1892.4,4600,-9999
01/29/2017 13:15,TOTAL EAST,23314,4244.08,6500,-9999
01/29/2017 13:15,UPNY CONED,23315,1294.9,5100,-9999
01/29/2017 13:15,WEST CENTRAL,23312,1248.6,9999,-9999
01/29/2017 13:20,CENTRAL EAST - VC,23330,2101.29,2225,-9999
01/29/2017 13:20,DYSINGER EAST,23326,1722.94,3150,-9999
01/29/2017 13:20,MOSES SOUTH,23319,1956.69,3150,-1600
01/29/2017 13:20,SCH - HQ - NY,23324,1500,1500,-1000
01/29/2017 13:20,SCH - HQ_CEDARS,325274,199,199,-100
01/29/2017 13:20,SCH - HQ_IMPORT_EXPORT,325376,1196,1310,-9999
01/29/2017 13:20,SCH - NE - NY,23318,-943.48,1400,-1600
01/29/2017 13:20,SCH - NPX_1385,325277,10,200,-200
01/29/2017 13:20,SCH - NPX_CSC,325154,0,330,-330
01/29/2017 13:20,SCH - OH - NY,23317,1198.61,1500,-1900
01/29/2017 13:20,SCH - PJ - NY,23316,614.62,2200,-1450
01/29/2017 13:20,SCH - PJM_HTP,325905,0,0,0
01/29/2017 13:20,SCH - PJM_NEPTUNE,325305,660,660,-660
01/29/2017 13:20,SCH - PJM_VFT,325658,315,315,-315
01/29/2017 13:20,SPR/DUN-SOUTH,23320,1879.28,4600,-9999
01/29/2017 13:20,TOTAL EAST,23314,4233.99,6500,-9999
01/29/2017 13:20,UPNY CONED,23315,1287.86,5100,-9999
01/29/2017 13:20,WEST CENTRAL,23312,1236.26,9999,-9999
01/29/2017 13:25,CENTRAL EAST - VC,23330,2126.11,2225,-9999
01/29/2017 13:25,DYSINGER EAST,23326,1758.69,3150,-9999
01/29/2017 13:25,MOSES SOUTH,23319,1959.83,3150,-1600
01/29/2017 13:25,SCH - HQ - NY,23324,1500,1500,-1000
01/29/2017 13:25,SCH - HQ_CEDARS,325274,199,199,-100
01/29/2017 13:25,SCH - HQ_IMPORT_EXPORT,325376,1196,1310,-9999
01/29/2017 13:25,SCH - NE - NY,23318,-943.46,1400,-1600
01/29/2017 13:25,SCH - NPX_1385,325277,10,200,-200
01/29/2017 13:25,SCH - NPX_CSC,325154,0,330,-330
01/29/2017 13:25,SCH - OH - NY,23317,1198.37,1500,-1900
01/29/2017 13:25,SCH - PJ - NY,23316,613.39,2200,-1450
01/29/2017 13:25,SCH - PJM_HTP,325905,0,0,0
01/29/2017 13:25,SCH - PJM_NEPTUNE,325305,660,660,-660
01/29/2017 13:25,SCH - PJM_VFT,325658,315,315,-315
01/29/2017 13:25,SPR/DUN-SOUTH,23320,1907.66,4600,-9999
01/29/2017 13:25,TOTAL EAST,23314,4237.01,6500,-9999
01/29/2017 13:25,UPNY CONED,23315,1316.56,5100,-9999
01/29/2017 13:25,WEST CENTRAL,23312,1271.61,9999,-9999
01/29/2017 13:30,CENTRAL EAST - VC,23330,2125.77,2225,-9999
01/29/2017 13:30,DYSINGER EAST,23326,1772.57,3150,-9999
01/29/2017 13:30,MOSES SOUTH,23319,1953.74,3150,-1600
01/29/2017 13:30,SCH - HQ - NY,23324,1500,1500,-1000
01/29/2017 13:30,SCH - HQ_CEDARS,325274,199,199,-100
01/29/2017 13:30,SCH - HQ_IMPORT_EXPORT,325376,1196,1310,-9999
01/29/2017 13:30,SCH - NE - NY,23318,-962.42,1400,-1600
01/29/2017 13:30,SCH - NPX_1385,325277,10,200,-200
01/29/2017 13:30,SCH - NPX_CSC,325154,0,330,-330
01/29/2017 13:30,SCH - OH - NY,23317,1198.24,1500,-1900
01/29/2017 13:30,SCH - PJ - NY,23316,617.75,2200,-1450
01/29/2017 13:30,SCH - PJM_HTP,325905,0,0,0
01/29/2017 13:30,SCH - PJM_NEPTUNE,325305,660,660,-660
01/29/2017 13:30,SCH - PJM_VFT,325658,315,315,-315
01/29/2017 13:30,SPR/DUN-SOUTH,23320,1932.39,4600,-9999
01/29/2017 13:30,TOTAL EAST,23314,4162.97,6500,-9999
01/29/2017 13:30,UPNY CONED,23315,1338.56,5100,-9999
01/29/2017 13:30,WEST CENTRAL,23312,1284.28,9999,-9999
01/29/2017 13:35,CENTRAL EAST - VC,23330,2124.45,2225,-9999
01/29/2017 13:35,DYSINGER EAST,23326,1814.51,3150,-9999
01/29/2017 13:35,MOSES SOUTH,23319,1920.66,3150,-1600
01/29/2017 13:35,SCH - HQ - NY,23324,1500,1500,-1000
01/29/2017 13:35,SCH - HQ_CEDARS,325274,199,199,-100
01/29/2017 13:35,SCH - HQ_IMPORT_EXPORT,325376,1196,1310,-9999
01/29/2017 13:35,SCH - NE - NY,23318,-982.4,1400,-1600
01/29/2017 13:35,SCH - NPX_1385,325277,10,200,-200
01/29/2017 13:35,SCH - NPX_CSC,325154,0,330,-330
01/29/2017 13:35,SCH - OH - NY,23317,1198.14,1500,-1900
01/29/2017 13:35,SCH - PJ - NY,23316,614,2200,-1450
01/29/2017 13:35,SCH - PJM_HTP,325905,0,0,0
01/29/2017 13:35,SCH - PJM_NEPTUNE,325305,660,660,-660
01/29/2017 13:35,SCH - PJM_VFT,325658,315,315,-315
01/29/2017 13:35,SPR/DUN-SOUTH,23320,1913.86,4600,-9999
01/29/2017 13:35,TOTAL EAST,23314,4198.98,6500,-9999
01/29/2017 13:35,UPNY CONED,23315,1316.65,5100,-9999
01/29/2017 13:35,WEST CENTRAL,23312,1325.47,9999,-9999
01/29/2017 13:40,CENTRAL EAST - VC,23330,2125.25,2225,-9999
01/29/2017 13:40,DYSINGER EAST,23326,1783.29,3150,-9999
01/29/2017 13:40,MOSES SOUTH,23319,1908.58,3150,-1600
01/29/2017 13:40,SCH - HQ - NY,23324,1500,1500,-1000
01/29/2017 13:40,SCH - HQ_CEDARS,325274,199,199,-100
01/29/2017 13:40,SCH - HQ_IMPORT_EXPORT,325376,1196,1310,-9999
01/29/2017 13:40,SCH - NE - NY,23318,-982.45,1400,-1600
01/29/2017 13:40,SCH - NPX_1385,325277,10,200,-200
01/29/2017 13:40,SCH - NPX_CSC,325154,0,330,-330
01/29/2017 13:40,SCH - OH - NY,23317,1198.26,1500,-1900
01/29/2017 13:40,SCH - PJ - NY,23316,615.64,2200,-1450
01/29/2017 13:40,SCH - PJM_HTP,325905,0,0,0
01/29/2017 13:40,SCH - PJM_NEPTUNE,325305,660,660,-660
01/29/2017 13:40,SCH - PJM_VFT,325658,315,315,-315
01/29/2017 13:40,SPR/DUN-SOUTH,23320,1914.65,4600,-9999
01/29/2017 13:40,TOTAL EAST,23314,4219.36,6500,-9999
01/29/2017 13:40,UPNY CONED,23315,1316.52,5100,-9999
01/29/2017 13:40,WEST CENTRAL,23312,1294.75,9999,-9999
01/29/2017 13:45,CENTRAL EAST - VC,23330,2125.47,2225,-9999
01/29/2017 13:45,DYSINGER EAST,23326,1786,3150,-9999
01/29/2017 13:45,MOSES SOUTH,23319,1932.07,3150,-1600
01/29/2017 13:45,SCH - HQ - NY,23324,1500,1500,-1000
01/29/2017 13:45,SCH - HQ_CEDARS,325274,199,199,-100
01/29/2017 13:45,SCH - HQ_IMPORT_EXPORT,325376,1196,1310,-9999
01/29/2017 13:45,SCH - NE - NY,23318,-967.49,1400,-1600
01/29/2017 13:45,SCH - NPX_1385,325277,10,200,-200
01/29/2017 13:45,SCH - NPX_CSC,325154,0,330,-330
01/29/2017 13:45,SCH - OH - NY,23317,1198.17,1500,-1900
01/29/2017 13:45,SCH - PJ - NY,23316,591.62,2200,-1450
01/29/2017 13:45,SCH - PJM_HTP,325905,0,0,0
01/29/2017 13:45,SCH - PJM_NEPTUNE,325305,660,660,-660
01/29/2017 13:45,SCH - PJM_VFT,325658,315,315,-315
01/29/2017 13:45,SPR/DUN-SOUTH,23320,1933.73,4600,-9999
01/29/2017 13:45,TOTAL EAST,23314,4166.55,6500,-9999
01/29/2017 13:45,UPNY CONED,23315,1322.44,5100,-9999
01/29/2017 13:45,WEST CENTRAL,23312,1297.5,9999,-9999
01/29/2017 13:50,CENTRAL EAST - VC,23330,2124.84,2225,-9999
01/29/2017 13:50,DYSINGER EAST,23326,1805.91,3150,-9999
01/29/2017 13:50,MOSES SOUTH,23319,1944.93,3150,-1600
01/29/2017 13:50,SCH - HQ - NY,23324,1500,1500,-1000
01/29/2017 13:50,SCH - HQ_CEDARS,325274,199,199,-100
01/29/2017 13:50,SCH - HQ_IMPORT_EXPORT,325376,1196,1310,-9999
01/29/2017 13:50,SCH - NE - NY,23318,-953.49,1400,-1600
01/29/2017 13:50,SCH - NPX_1385,325277,10,200,-200
01/29/2017 13:50,SCH - NPX_CSC,325154,0,330,-330
01/29/2017 13:50,SCH - OH - NY,23317,1198.13,1500,-1900
01/29/2017 13:50,SCH - PJ - NY,23316,565.29,2200,-1450
01/29/2017 13:50,SCH - PJM_HTP,325905,0,0,0
01/29/2017 13:50,SCH - PJM_NEPTUNE,325305,660,660,-660
01/29/2017 13:50,SCH - PJM_VFT,325658,315,315,-315
01/29/2017 13:50,SPR/DUN-SOUTH,23320,1962.85,4600,-9999
01/29/2017 13:50,TOTAL EAST,23314,4124.48,6500,-9999
01/29/2017 13:50,UPNY CONED,23315,1339.5,5100,-9999
01/29/2017 13:50,WEST CENTRAL,23312,1313.73,9999,-9999
01/29/2017 13:55,CENTRAL EAST - VC,23330,2125.51,2225,-9999
01/29/2017 13:55,DYSINGER EAST,23326,1804.79,3150,-9999
01/29/2017 13:55,MOSES SOUTH,23319,1980.27,3150,-1600
01/29/2017 13:55,SCH - HQ - NY,23324,1500,1500,-1000
01/29/2017 13:55,SCH - HQ_CEDARS,325274,199,199,-100
01/29/2017 13:55,SCH - HQ_IMPORT_EXPORT,325376,1196,1310,-9999
01/29/2017 13:55,SCH - NE - NY,23318,-953.47,1400,-1600
01/29/2017 13:55,SCH - NPX_1385,325277,10,200,-200
01/29/2017 13:55,SCH - NPX_CSC,325154,0,330,-330
01/29/2017 13:55,SCH - OH - NY,23317,1198.19,1500,-1900
01/29/2017 13:55,SCH - PJ - NY,23316,566.57,2200,-1450
01/29/2017 13:55,SCH - PJM_HTP,325905,0,0,0
01/29/2017 13:55,SCH - PJM_NEPTUNE,325305,660,660,-660
01/29/2017 13:55,SCH - PJM_VFT,325658,315,315,-315
01/29/2017 13:55,SPR/DUN-SOUTH,23320,1968.6,4600,-9999
01/29/2017 13:55,TOTAL EAST,23314,4115.35,6500,-9999
01/29/2017 13:55,UPNY CONED,23315,1352.55,5100,-9999
01/29/2017 13:55,WEST CENTRAL,23312,1314.02,9999,-9999
01/29/2017 14:00,CENTRAL EAST - VC,23330,2124.91,2225,-9999
01/29/2017 14:00,DYSINGER EAST,23326,1776.49,3150,-9999
01/29/2017 14:00,MOSES SOUTH,23319,1958.97,3150,-1600
01/29/2017 14:00,SCH - HQ - NY,23324,1494,1500,-1000
01/29/2017 14:00,SCH - HQ_CEDARS,325274,199,199,-100
01/29/2017 14:00,SCH - HQ_IMPORT_EXPORT,325376,1190,1310,-9999
01/29/2017 14:00,SCH - NE - NY,23318,-969.47,1400,-1600
01/29/2017 14:00,SCH - NPX_1385,325277,4,200,-200
01/29/2017 14:00,SCH - NPX_CSC,325154,0,330,-330
01/29/2017 14:00,SCH - OH - NY,23317,1198.28,1500,-1900
01/29/2017 14:00,SCH - PJ - NY,23316,551.92,2200,-1450
01/29/2017 14:00,SCH - PJM_HTP,325905,0,0,0
01/29/2017 14:00,SCH - PJM_NEPTUNE,325305,660,660,-660
01/29/2017 14:00,SCH - PJM_VFT,325658,315,315,-315
01/29/2017 14:00,SPR/DUN-SOUTH,23320,1923.96,4600,-9999
01/29/2017 14:00,TOTAL EAST,23314,4130.88,6500,-9999
01/29/2017 14:00,UPNY CONED,23315,1316.91,5100,-9999
01/29/2017 14:00,WEST CENTRAL,23312,1287.56,9999,-9999
01/29/2017 14:05,CENTRAL EAST - VC,23330,2125.83,2225,-9999
01/29/2017 14:05,DYSINGER EAST,23326,1757.02,3150,-9999
01/29/2017 14:05,MOSES SOUTH,23319,1936.35,3150,-1600
01/29/2017 14:05,SCH - HQ - NY,23324,1488,1500,-1000
01/29/2017 14:05,SCH - HQ_CEDARS,325274,199,199,-100
01/29/2017 14:05,SCH - HQ_IMPORT_EXPORT,325376,1184,1310,-9999
01/29/2017 14:05,SCH - NE - NY,23318,-986.47,1400,-1600
01/29/2017 14:05,SCH - NPX_1385,325277,0,200,-200
01/29/2017 14:05,SCH - NPX_CSC,325154,0,330,-330
01/29/2017 14:05,SCH - OH - NY,23317,1198.21,1500,-1900
01/29/2017 14:05,SCH - PJ - NY,23316,540.54,2200,-1450
01/29/2017 14:05,SCH - PJM_HTP,325905,0,0,0
01/29/2017 14:05,SCH - PJM_NEPTUNE,325305,660,660,-660
01/29/2017 14:05,SCH - PJM_VFT,325658,315,315,-315
01/29/2017 14:05,SPR/DUN-SOUTH,23320,1851.41,4600,-9999
01/29/2017 14:05,TOTAL EAST,23314,4081.64,6500,-9999
01/29/2017 14:05,UPNY CONED,23315,1270.62,5100,-9999
01/29/2017 14:05,WEST CENTRAL,23312,1267.88,9999,-9999
01/29/2017 14:10,CENTRAL EAST - VC,23330,2122.74,2225,-9999
01/29/2017 14:10,DYSINGER EAST,23326,1708.77,3150,-9999
01/29/2017 14:10,MOSES SOUTH,23319,1954.38,3150,-1600
01/29/2017 14:10,SCH - HQ - NY,23324,1488,1500,-1000
01/29/2017 14:10,SCH - HQ_CEDARS,325274,199,199,-100
01/29/2017 14:10,SCH - HQ_IMPORT_EXPORT,325376,1184,1310,-9999
01/29/2017 14:10,SCH - NE - NY,23318,-986.81,1400,-1600
01/29/2017 14:10,SCH - NPX_1385,325277,0,200,-200
01/29/2017 14:10,SCH - NPX_CSC,325154,0,330,-330
01/29/2017 14:10,SCH - OH - NY,23317,1198.3,1500,-1900
01/29/2017 14:10,SCH - PJ - NY,23316,538.97,2200,-1450
01/29/2017 14:10,SCH - PJM_HTP,325905,0,0,0
01/29/2017 14:10,SCH - PJM_NEPTUNE,325305,660,660,-660
01/29/2017 14:10,SCH - PJM_VFT,325658,315,315,-315
01/29/2017 14:10,SPR/DUN-SOUTH,23320,1825.95,4600,-9999
01/29/2017 14:10,TOTAL EAST,23314,4044.69,6500,-9999
01/29/2017 14:10,UPNY CONED,23315,1240.76,5100,-9999
01/29/2017 14:10,WEST CENTRAL,23312,1222.46,9999,-9999
01/29/2017 14:15,CENTRAL EAST - VC,23330,2216.83,2355,-9999
01/29/2017 14:15,DYSINGER EAST,23326,1810.06,3150,-9999
01/29/2017 14:15,MOSES SOUTH,23319,2017.9,3150,-1600
01/29/2017 14:15,SCH - HQ - NY,23324,1488,1500,-1000
01/29/2017 14:15,SCH - HQ_CEDARS,325274,199,199,-100
01/29/2017 14:15,SCH - HQ_IMPORT_EXPORT,325376,1184,1310,-9999
01/29/2017 14:15,SCH - NE - NY,23318,-1024.47,1400,-1600
01/29/2017 14:15,SCH - NPX_1385,325277,0,200,-200
01/29/2017 14:15,SCH - NPX_CSC,325154,0,330,-330
01/29/2017 14:15,SCH - OH - NY,23317,1198.24,1500,-1900
01/29/2017 14:15,SCH - PJ - NY,23316,606.03,2200,-1450
01/29/2017 14:15,SCH - PJM_HTP,325905,0,0,0
01/29/2017 14:15,SCH - PJM_NEPTUNE,325305,660,660,-660
01/29/2017 14:15,SCH - PJM_VFT,325658,315,315,-315
01/29/2017 14:15,SPR/DUN-SOUTH,23320,1938.13,4600,-9999
01/29/2017 14:15,TOTAL EAST,23314,4281.92,6500,-9999
01/29/2017 14:15,UPNY CONED,23315,1368.88,5100,-9999
01/29/2017 14:15,WEST CENTRAL,23312,1318.79,9999,-9999
01/29/2017 14:20,CENTRAL EAST - VC,23330,2209.61,2355,-9999
01/29/2017 14:20,DYSINGER EAST,23326,1816.62,3150,-9999
01/29/2017 14:20,MOSES SOUTH,23319,2007.42,3150,-1600
01/29/2017 14:20,SCH - HQ - NY,23324,1488,1500,-1000
01/29/2017 14:20,SCH - HQ_CEDARS,325274,199,199,-100
01/29/2017 14:20,SCH - HQ_IMPORT_EXPORT,325376,1184,1310,-9999
01/29/2017 14:20,SCH - NE - NY,23318,-1062.46,1400,-1600
01/29/2017 14:20,SCH - NPX_1385,325277,0,200,-200
01/29/2017 14:20,SCH - NPX_CSC,325154,0,330,-330
01/29/2017 14:20,SCH - OH - NY,23317,1198.33,1500,-1900
01/29/2017 14:20,SCH - PJ - NY,23316,671.16,2200,-1450
01/29/2017 14:20,SCH - PJM_HTP,325905,0,0,0
01/29/2017 14:20,SCH - PJM_NEPTUNE,325305,660,660,-660
01/29/2017 14:20,SCH - PJM_VFT,325658,315,315,-315
01/29/2017 14:20,SPR/DUN-SOUTH,23320,1905.64,4600,-9999
01/29/2017 14:20,TOTAL EAST,23314,4376.15,6500,-9999
01/29/2017 14:20,UPNY CONED,23315,1333.35,5100,-9999
01/29/2017 14:20,WEST CENTRAL,23312,1323.98,9999,-9999
01/29/2017 14:25,CENTRAL EAST - VC,23330,2255.46,2355,-9999
01/29/2017 14:25,DYSINGER EAST,23326,1789.43,3150,-9999
01/29/2017 14:25,MOSES SOUTH,23319,2009.14,3150,-1600
01/29/2017 14:25,SCH - HQ - NY,23324,1488,1500,-1000
01/29/2017 14:25,SCH - HQ_CEDARS,325274,199,199,-100
01/29/2017 14:25,SCH - HQ_IMPORT_EXPORT,325376,1184,1310,-9999
01/29/2017 14:25,SCH - NE - NY,23318,-1062.43,1400,-1600
01/29/2017 14:25,SCH - NPX_1385,325277,0,200,-200
01/29/2017 14:25,SCH - NPX_CSC,325154,0,330,-330
01/29/2017 14:25,SCH - OH - NY,23317,1198.37,1500,-1900
01/29/2017 14:25,SCH - PJ - NY,23316,672.98,2200,-1450
01/29/2017 14:25,SCH - PJM_HTP,325905,0,0,0
01/29/2017 14:25,SCH - PJM_NEPTUNE,325305,660,660,-660
01/29/2017 14:25,SCH - PJM_VFT,325658,315,315,-315
01/29/2017 14:25,SPR/DUN-SOUTH,23320,1901.36,4600,-9999
01/29/2017 14:25,TOTAL EAST,23314,4425.61,6500,-9999
01/29/2017 14:25,UPNY CONED,23315,1355.73,5100,-9999
01/29/2017 14:25,WEST CENTRAL,23312,1300.2,9999,-9999
01/29/2017 14:30,CENTRAL EAST - VC,23330,2223.71,2355,-9999
01/29/2017 14:30,DYSINGER EAST,23326,1723.64,3150,-9999
01/29/2017 14:30,MOSES SOUTH,23319,2035.44,3150,-1600
01/29/2017 14:30,SCH - HQ - NY,23324,1488,1500,-1000
01/29/2017 14:30,SCH - HQ_CEDARS,325274,199,199,-100
01/29/2017 14:30,SCH - HQ_IMPORT_EXPORT,325376,1184,1310,-9999
01/29/2017 14:30,SCH - NE - NY,23318,-1028.5,1400,-1600
01/29/2017 14:30,SCH - NPX_1385,325277,0,200,-200
01/29/2017 14:30,SCH - NPX_CSC,325154,0,330,-330
01/29/2017 14:30,SCH - OH - NY,23317,1198.47,1500,-1900
01/29/2017 14:30,SCH - PJ - NY,23316,605.38,2200,-1450
01/29/2017 14:30,SCH - PJM_HTP,325905,0,0,0
01/29/2017 14:30,SCH - PJM_NEPTUNE,325305,660,660,-660
01/29/2017 14:30,SCH - PJM_VFT,325658,315,315,-315
01/29/2017 14:30,SPR/DUN-SOUTH,23320,1863.38,4600,-9999
01/29/2017 14:30,TOTAL EAST,23314,4393.52,6500,-9999
01/29/2017 14:30,UPNY CONED,23315,1301.16,5100,-9999
01/29/2017 14:30,WEST CENTRAL,23312,1236.55,9999,-9999
01/29/2017 14:35,CENTRAL EAST - VC,23330,2195.67,2355,-9999
01/29/2017 14:35,DYSINGER EAST,23326,1739.29,3150,-9999
01/29/2017 14:35,MOSES SOUTH,23319,2023.06,3150,-1600
01/29/2017 14:35,SCH - HQ - NY,23324,1488,1500,-1000
01/29/2017 14:35,SCH - HQ_CEDARS,325274,199,199,-100
01/29/2017 14:35,SCH - HQ_IMPORT_EXPORT,325376,1184,1310,-9999
01/29/2017 14:35,SCH - NE - NY,23318,-995.53,1400,-1600
01/29/2017 14:35,SCH - NPX_1385,325277,0,200,-200
01/29/2017 14:35,SCH - NPX_CSC,325154,0,330,-330
01/29/2017 14:35,SCH - OH - NY,23317,1198.43,1500,-1900
01/29/2017 14:35,SCH - PJ - NY,23316,541.22,2200,-1450
01/29/2017 14:35,SCH - PJM_HTP,325905,0,0,0
01/29/2017 14:35,SCH - PJM_NEPTUNE,325305,660,660,-660
01/29/2017 14:35,SCH - PJM_VFT,325658,315,315,-315
01/29/2017 14:35,SPR/DUN-SOUTH,23320,1866.97,4600,-9999
01/29/2017 14:35,TOTAL EAST,23314,4344.77,6500,-9999
01/29/2017 14:35,UPNY CONED,23315,1305.67,5100,-9999
01/29/2017 14:35,WEST CENTRAL,23312,1248.45,9999,-9999
01/29/2017 14:40,CENTRAL EAST - VC,23330,2226.48,2355,-9999
01/29/2017 14:40,DYSINGER EAST,23326,1717.96,3150,-9999
01/29/2017 14:40,MOSES SOUTH,23319,2030.3,3150,-1600
01/29/2017 14:40,SCH - HQ - NY,23324,1488,1500,-1000
01/29/2017 14:40,SCH - HQ_CEDARS,325274,199,199,-100
01/29/2017 14:40,SCH - HQ_IMPORT_EXPORT,325376,1184,1310,-9999
01/29/2017 14:40,SCH - NE - NY,23318,-995.85,1400,-1600
01/29/2017 14:40,SCH - NPX_1385,325277,0,200,-200
01/29/2017 14:40,SCH - NPX_CSC,325154,0,330,-330
01/29/2017 14:40,SCH - OH - NY,23317,1198.72,1500,-1900
01/29/2017 14:40,SCH - PJ - NY,23316,541.12,2200,-1450
01/29/2017 14:40,SCH - PJM_HTP,325905,0,0,0
01/29/2017 14:40,SCH - PJM_NEPTUNE,325305,660,660,-660
01/29/2017 14:40,SCH - PJM_VFT,325658,315,315,-315
01/29/2017 14:40,SPR/DUN-SOUTH,23320,1894.93,4600,-9999
01/29/2017 14:40,TOTAL EAST,23314,4380.41,6500,-9999
01/29/2017 14:40,UPNY CONED,23315,1346.16,5100,-9999
01/29/2017 14:40,WEST CENTRAL,23312,1226.01,9999,-9999
01/29/2017 14:45,CENTRAL EAST - VC,23330,2255.19,2355,-9999
01/29/2017 14:45,DYSINGER EAST,23326,1739.26,3150,-9999
01/29/2017 14:45,MOSES SOUTH,23319,1956.61,3150,-1600
01/29/2017 14:45,SCH - HQ - NY,23324,1488,1500,-1000
01/29/2017 14:45,SCH - HQ_CEDARS,325274,199,199,-100
01/29/2017 14:45,SCH - HQ_IMPORT_EXPORT,325376,1184,1310,-9999
01/29/2017 14:45,SCH - NE - NY,23318,-1023.48,1400,-1600
01/29/2017 14:45,SCH - NPX_1385,325277,0,200,-200
01/29/2017 14:45,SCH - NPX_CSC,325154,0,330,-330
01/29/2017 14:45,SCH - OH - NY,23317,1198.35,1500,-1900
01/29/2017 14:45,SCH - PJ - NY,23316,541.76,2200,-1450
01/29/2017 14:45,SCH - PJM_HTP,325905,0,0,0
01/29/2017 14:45,SCH - PJM_NEPTUNE,325305,660,660,-660
01/29/2017 14:45,SCH - PJM_VFT,325658,315,315,-315
01/29/2017 14:45,SPR/DUN-SOUTH,23320,1922.93,4600,-9999
01/29/2017 14:45,TOTAL EAST,23314,4397.19,6500,-9999
01/29/2017 14:45,UPNY CONED,23315,1362.17,5100,-9999
01/29/2017 14:45,WEST CENTRAL,23312,1244.76,9999,-9999
01/29/2017 14:50,CENTRAL EAST - VC,23330,2254.09,2355,-9999
01/29/2017 14:50,DYSINGER EAST,23326,1765.14,3150,-9999
01/29/2017 14:50,MOSES SOUTH,23319,2005.59,3150,-1600
01/29/2017 14:50,SCH - HQ - NY,23324,1488,1500,-1000
01/29/2017 14:50,SCH - HQ_CEDARS,325274,199,199,-100
01/29/2017 14:50,SCH - HQ_IMPORT_EXPORT,325376,1184,1310,-9999
01/29/2017 14:50,SCH - NE - NY,23318,-1051.44,1400,-1600
01/29/2017 14:50,SCH - NPX_1385,325277,0,200,-200
01/29/2017 14:50,SCH - NPX_CSC,325154,0,330,-330
01/29/2017 14:50,SCH - OH - NY,23317,1198.47,1500,-1900
01/29/2017 14:50,SCH - PJ - NY,23316,543.44,2200,-1450
01/29/2017 14:50,SCH - PJM_HTP,325905,0,0,0
01/29/2017 14:50,SCH - PJM_NEPTUNE,325305,660,660,-660
01/29/2017 14:50,SCH - PJM_VFT,325658,315,315,-315
01/29/2017 14:50,SPR/DUN-SOUTH,23320,1913.08,4600,-9999
01/29/2017 14:50,TOTAL EAST,23314,4407.91,6500,-9999
01/29/2017 14:50,UPNY CONED,23315,1352.22,5100,-9999
01/29/2017 14:50,WEST CENTRAL,23312,1268.17,9999,-9999
01/29/2017 14:55,CENTRAL EAST - VC,23330,2266.3,2415,-9999
01/29/2017 14:55,DYSINGER EAST,23326,1775.63,3150,-9999
01/29/2017 14:55,MOSES SOUTH,23319,1989.88,3150,-1600
01/29/2017 14:55,SCH - HQ - NY,23324,1488,1500,-1000
01/29/2017 14:55,SCH - HQ_CEDARS,325274,199,199,-100
01/29/2017 14:55,SCH - HQ_IMPORT_EXPORT,325376,1184,1310,-9999
01/29/2017 14:55,SCH - NE - NY,23318,-1051.39,1400,-1600
01/29/2017 14:55,SCH - NPX_1385,325277,0,200,-200
01/29/2017 14:55,SCH - NPX_CSC,325154,0,330,-330
01/29/2017 14:55,SCH - OH - NY,23317,1198.51,1500,-1900
01/29/2017 14:55,SCH - PJ - NY,23316,542.67,2200,-1450
01/29/2017 14:55,SCH - PJM_HTP,325905,0,0,0
01/29/2017 14:55,SCH - PJM_NEPTUNE,325305,660,660,-660
01/29/2017 14:55,SCH - PJM_VFT,325658,315,315,-315
01/29/2017 14:55,SPR/DUN-SOUTH,23320,1929.28,4600,-9999
01/29/2017 14:55,TOTAL EAST,23314,4407.04,6500,-9999
01/29/2017 14:55,UPNY CONED,23315,1369.18,5100,-9999
01/29/2017 14:55,WEST CENTRAL,23312,1280.97,9999,-9999
01/29/2017 15:00,CENTRAL EAST - VC,23330,2249.58,2415,-9999
01/29/2017 15:00,DYSINGER EAST,23326,1764.72,3150,-9999
01/29/2017 15:00,MOSES SOUTH,23319,1926.8,3150,-1600
01/29/2017 15:00,SCH - HQ - NY,23324,1438,1500,-1000
01/29/2017 15:00,SCH - HQ_CEDARS,325274,199,199,-100
01/29/2017 15:00,SCH - HQ_IMPORT_EXPORT,325376,1134,1310,-9999
01/29/2017 15:00,SCH - NE - NY,23318,-1027.44,1400,-1600
01/29/2017 15:00,SCH - NPX_1385,325277,0,200,-200
01/29/2017 15:00,SCH - NPX_CSC,325154,0,330,-330
01/29/2017 15:00,SCH - OH - NY,23317,1198.57,1500,-1900
01/29/2017 15:00,SCH - PJ - NY,23316,529.62,2200,-1450
01/29/2017 15:00,SCH - PJM_HTP,325905,0,0,0
01/29/2017 15:00,SCH - PJM_NEPTUNE,325305,660,660,-660
01/29/2017 15:00,SCH - PJM_VFT,325658,315,315,-315
01/29/2017 15:00,SPR/DUN-SOUTH,23320,1923.23,4600,-9999
01/29/2017 15:00,TOTAL EAST,23314,4387.91,6500,-9999
01/29/2017 15:00,UPNY CONED,23315,1352.18,5100,-9999
01/29/2017 15:00,WEST CENTRAL,23312,1273.47,9999,-9999
01/29/2017 15:05,CENTRAL EAST - VC,23330,2179.18,2415,-9999
01/29/2017 15:05,DYSINGER EAST,23326,1742.59,3150,-9999
01/29/2017 15:05,MOSES SOUTH,23319,1874.45,3150,-1600
01/29/2017 15:05,SCH - HQ - NY,23324,1388,1500,-1000
01/29/2017 15:05,SCH - HQ_CEDARS,325274,199,199,-100
01/29/2017 15:05,SCH - HQ_IMPORT_EXPORT,325376,1084,1310,-9999
01/29/2017 15:05,SCH - NE - NY,23318,-1004.5,1400,-1600
01/29/2017 15:05,SCH - NPX_1385,325277,0,200,-200
01/29/2017 15:05,SCH - NPX_CSC,325154,0,330,-330
01/29/2017 15:05,SCH - OH - NY,23317,1198.53,1500,-1900
01/29/2017 15:05,SCH - PJ - NY,23316,517.64,2200,-1450
01/29/2017 15:05,SCH - PJM_HTP,325905,0,0,0
01/29/2017 15:05,SCH - PJM_NEPTUNE,325305,660,660,-660
01/29/2017 15:05,SCH - PJM_VFT,325658,315,315,-315
01/29/2017 15:05,SPR/DUN-SOUTH,23320,1871.66,4600,-9999
01/29/2017 15:05,TOTAL EAST,23314,4328.06,6500,-9999
01/29/2017 15:05,UPNY CONED,23315,1301.41,5100,-9999
01/29/2017 15:05,WEST CENTRAL,23312,1254.07,9999,-9999
01/29/2017 15:10,CENTRAL EAST - VC,23330,2189.11,2415,-9999
01/29/2017 15:10,DYSINGER EAST,23326,1737.15,3150,-9999
01/29/2017 15:10,MOSES SOUTH,23319,1891.02,3150,-1600
01/29/2017 15:10,SCH - HQ - NY,23324,1388,1500,-1000
01/29/2017 15:10,SCH - HQ_CEDARS,325274,199,199,-100
01/29/2017 15:10,SCH - HQ_IMPORT_EXPORT,325376,1084,1310,-9999
01/29/2017 15:10,SCH - NE - NY,23318,-1004.5,1400,-1600
01/29/2017 15:10,SCH - NPX_1385,325277,0,200,-200
01/29/2017 15:10,SCH - NPX_CSC,325154,0,330,-330
01/29/2017 15:10,SCH - OH - NY,23317,1198.57,1500,-1900
01/29/2017 15:10,SCH - PJ - NY,23316,517.19,2200,-1450
01/29/2017 15:10,SCH - PJM_HTP,325905,0,0,0
01/29/2017 15:10,SCH - PJM_NEPTUNE,325305,660,660,-660
01/29/2017 15:10,SCH - PJM_VFT,325658,315,315,-315
01/29/2017 15:10,SPR/DUN-SOUTH,23320,1881.74,4600,-9999
01/29/2017 15:10,TOTAL EAST,23314,4327.69,6500,-9999
01/29/2017 15:10,UPNY CONED,23315,1314.64,5100,-9999
01/29/2017 15:10,WEST CENTRAL,23312,1246.75,9999,-9999
01/29/2017 15:15,CENTRAL EAST - VC,23330,2209.99,2415,-9999
01/29/2017 15:15,DYSINGER EAST,23326,1748.94,3150,-9999
01/29/2017 15:15,MOSES SOUTH,23319,1936.88,3150,-1600
01/29/2017 15:15,SCH - HQ - NY,23324,1388,1500,-1000
01/29/2017 15:15,SCH - HQ_CEDARS,325274,199,199,-100
01/29/2017 15:15,SCH - HQ_IMPORT_EXPORT,325376,1084,1310,-9999
01/29/2017 15:15,SCH - NE - NY,23318,-998.52,1400,-1600
01/29/2017 15:15,SCH - NPX_1385,325277,0,200,-200
01/29/2017 15:15,SCH - NPX_CSC,325154,0,330,-330
01/29/2017 15:15,SCH - OH - NY,23317,1198.54,1500,-1900
01/29/2017 15:15,SCH - PJ - NY,23316,554,2200,-1450
01/29/2017 15:15,SCH - PJM_HTP,325905,0,0,0
01/29/2017 15:15,SCH - PJM_NEPTUNE,325305,660,660,-660
01/29/2017 15:15,SCH - PJM_VFT,325658,315,315,-315
01/29/2017 15:15,SPR/DUN-SOUTH,23320,1891.26,4600,-9999
01/29/2017 15:15,TOTAL EAST,23314,4321.64,6500,-9999
01/29/2017 15:15,UPNY CONED,23315,1337.76,5100,-9999
01/29/2017 15:15,WEST CENTRAL,23312,1258.4,9999,-9999
01/29/2017 15:20,CENTRAL EAST - VC,23330,2199.73,2415,-9999
01/29/2017 15:20,DYSINGER EAST,23326,1762.45,3150,-9999
01/29/2017 15:20,MOSES SOUTH,23319,1905.28,3150,-1600
01/29/2017 15:20,SCH - HQ - NY,23324,1388,1500,-1000
01/29/2017 15:20,SCH - HQ_CEDARS,325274,199,199,-100
01/29/2017 15:20,SCH - HQ_IMPORT_EXPORT,325376,1084,1310,-9999
01/29/2017 15:20,SCH - NE - NY,23318,-992.53,1400,-1600
01/29/2017 15:20,SCH - NPX_1385,325277,0,200,-200
01/29/2017 15:20,SCH - NPX_CSC,325154,0,330,-330
01/29/2017 15:20,SCH - OH - NY,23317,1198.54,1500,-1900
01/29/2017 15:20,SCH - PJ - NY,23316,588.32,2200,-1450
01/29/2017 15:20,SCH - PJM_HTP,325905,0,0,0
01/29/2017 15:20,SCH - PJM_NEPTUNE,325305,660,660,-660
01/29/2017 15:20,SCH - PJM_VFT,325658,315,315,-315
01/29/2017 15:20,SPR/DUN-SOUTH,23320,1892.63,4600,-9999
01/29/2017 15:20,TOTAL EAST,23314,4331.41,6500,-9999
01/29/2017 15:20,UPNY CONED,23315,1352.61,5100,-9999
01/29/2017 15:20,WEST CENTRAL,23312,1269.01,9999,-9999
01/29/2017 15:25,CENTRAL EAST - VC,23330,2230.25,2415,-9999
01/29/2017 15:25,DYSINGER EAST,23326,1786.15,3150,-9999
01/29/2017 15:25,MOSES SOUTH,23319,1915.69,3150,-1600
01/29/2017 15:25,SCH - HQ - NY,23324,1388,1500,-1000
01/29/2017 15:25,SCH - HQ_CEDARS,325274,199,199,-100
01/29/2017 15:25,SCH - HQ_IMPORT_EXPORT,325376,1084,1310,-9999
01/29/2017 15:25,SCH - NE - NY,23318,-992.53,1400,-1600
01/29/2017 15:25,SCH - NPX_1385,325277,0,200,-200
01/29/2017 15:25,SCH - NPX_CSC,325154,0,330,-330
01/29/2017 15:25,SCH - OH - NY,23317,1198.46,1500,-1900
01/29/2017 15:25,SCH - PJ - NY,23316,589.78,2200,-1450
01/29/2017 15:25,SCH - PJM_HTP,325905,0,0,0
01/29/2017 15:25,SCH - PJM_NEPTUNE,325305,660,660,-660
01/29/2017 15:25,SCH - PJM_VFT,325658,315,315,-315
01/29/2017 15:25,SPR/DUN-SOUTH,23320,1896.91,4600,-9999
01/29/2017 15:25,TOTAL EAST,23314,4323.35,6500,-9999
01/29/2017 15:25,UPNY CONED,23315,1377.8,5100,-9999
01/29/2017 15:25,WEST CENTRAL,23312,1287.9,9999,-9999
01/29/2017 15:30,CENTRAL EAST - VC,23330,2240.88,2415,-9999
01/29/2017 15:30,DYSINGER EAST,23326,1813.5,3150,-9999
01/29/2017 15:30,MOSES SOUTH,23319,1926.68,3150,-1600
01/29/2017 15:30,SCH - HQ - NY,23324,1388,1500,-1000
01/29/2017 15:30,SCH - HQ_CEDARS,325274,199,199,-100
01/29/2017 15:30,SCH - HQ_IMPORT_EXPORT,325376,1084,1310,-9999
01/29/2017 15:30,SCH - NE - NY,23318,-1025.47,1400,-1600
01/29/2017 15:30,SCH - NPX_1385,325277,0,200,-200
01/29/2017 15:30,SCH - NPX_CSC,325154,0,330,-330
01/29/2017 15:30,SCH - OH - NY,23317,1198.3,1500,-1900
01/29/2017 15:30,SCH - PJ - NY,23316,664.03,2200,-1450
01/29/2017 15:30,SCH - PJM_HTP,325905,0,0,0
01/29/2017 15:30,SCH - PJM_NEPTUNE,325305,660,660,-660
01/29/2017 15:30,SCH - PJM_VFT,325658,315,315,-315
01/29/2017 15:30,SPR/DUN-SOUTH,23320,1880.64,4600,-9999
01/29/2017 15:30,TOTAL EAST,23314,4376.62,6500,-9999
01/29/2017 15:30,UPNY CONED,23315,1377.03,5100,-9999
01/29/2017 15:30,WEST CENTRAL,23312,1313.22,9999,-9999
01/29/2017 15:35,CENTRAL EAST - VC,23330,2256.43,2415,-9999
01/29/2017 15:35,DYSINGER EAST,23326,1827.14,3150,-9999
01/29/2017 15:35,MOSES SOUTH,23319,1920.33,3150,-1600
01/29/2017 15:35,SCH - HQ - NY,23324,1388,1500,-1000
01/29/2017 15:35,SCH - HQ_CEDARS,325274,199,199,-100
01/29/2017 15:35,SCH - HQ_IMPORT_EXPORT,325376,1084,1310,-9999
01/29/2017 15:35,SCH - NE - NY,23318,-1059.45,1400,-1600
01/29/2017 15:35,SCH - NPX_1385,325277,0,200,-200
01/29/2017 15:35,SCH - NPX_CSC,325154,0,330,-330
01/29/2017 15:35,SCH - OH - NY,23317,1198.32,1500,-1900
01/29/2017 15:35,SCH - PJ - NY,23316,741.08,2200,-1450
01/29/2017 15:35,SCH - PJM_HTP,325905,0,0,0
01/29/2017 15:35,SCH - PJM_NEPTUNE,325305,660,660,-660
01/29/2017 15:35,SCH - PJM_VFT,325658,315,315,-315
01/29/2017 15:35,SPR/DUN-SOUTH,23320,1891.92,4600,-9999
01/29/2017 15:35,TOTAL EAST,23314,4434.97,6500,-9999
01/29/2017 15:35,UPNY CONED,23315,1396.48,5100,-9999
01/29/2017 15:35,WEST CENTRAL,23312,1323.36,9999,-9999
01/29/2017 15:40,CENTRAL EAST - VC,23330,2271.32,2415,-9999
01/29/2017 15:40,DYSINGER EAST,23326,1815.29,3150,-9999
01/29/2017 15:40,MOSES SOUTH,23319,1912.14,3150,-1600
01/29/2017 15:40,SCH - HQ - NY,23324,1388,1500,-1000
01/29/2017 15:40,SCH - HQ_CEDARS,325274,199,199,-100
01/29/2017 15:40,SCH - HQ_IMPORT_EXPORT,325376,1084,1310,-9999
01/29/2017 15:40,SCH - NE - NY,23318,-1059.35,1400,-1600
01/29/2017 15:40,SCH - NPX_1385,325277,0,200,-200
01/29/2017 15:40,SCH - NPX_CSC,325154,0,330,-330
01/29/2017 15:40,SCH - OH - NY,23317,1198.44,1500,-1900
01/29/2017 15:40,SCH - PJ - NY,23316,741.67,2200,-1450
01/29/2017 15:40,SCH - PJM_HTP,325905,0,0,0
01/29/2017 15:40,SCH - PJM_NEPTUNE,325305,660,660,-660
01/29/2017 15:40,SCH - PJM_VFT,325658,315,315,-315
01/29/2017 15:40,SPR/DUN-SOUTH,23320,1883.69,4600,-9999
01/29/2017 15:40,TOTAL EAST,23314,4437.23,6500,-9999
01/29/2017 15:40,UPNY CONED,23315,1389.1,5100,-9999
01/29/2017 15:40,WEST CENTRAL,23312,1311.41,9999,-9999
01/29/2017 15:45,CENTRAL EAST - VC,23330,2225,2415,-9999
01/29/2017 15:45,DYSINGER EAST,23326,1806.11,3150,-9999
01/29/2017 15:45,MOSES SOUTH,23319,1912.27,3150,-1600
01/29/2017 15:45,SCH - HQ - NY,23324,1388,1500,-1000
01/29/2017 15:45,SCH - HQ_CEDARS,325274,199,199,-100
01/29/2017 15:45,SCH - HQ_IMPORT_EXPORT,325376,1084,1310,-9999
01/29/2017 15:45,SCH - NE - NY,23318,-1028.43,1400,-1600
01/29/2017 15:45,SCH - NPX_1385,325277,0,200,-200
01/29/2017 15:45,SCH - NPX_CSC,325154,0,330,-330
01/29/2017 15:45,SCH - OH - NY,23317,1198.43,1500,-1900
01/29/2017 15:45,SCH - PJ - NY,23316,780.65,2200,-1450
01/29/2017 15:45,SCH - PJM_HTP,325905,0,0,0
01/29/2017 15:45,SCH - PJM_NEPTUNE,325305,660,660,-660
01/29/2017 15:45,SCH - PJM_VFT,325658,315,315,-315
01/29/2017 15:45,SPR/DUN-SOUTH,23320,1852.27,4600,-9999
01/29/2017 15:45,TOTAL EAST,23314,4433.97,6500,-9999
01/29/2017 15:45,UPNY CONED,23315,1354.41,5100,-9999
01/29/2017 15:45,WEST CENTRAL,23312,1300.88,9999,-9999
01/29/2017 15:50,CENTRAL EAST - VC,23330,2185.85,2415,-9999
01/29/2017 15:50,DYSINGER EAST,23326,1778.32,3150,-9999
01/29/2017 15:50,MOSES SOUTH,23319,1890.03,3150,-1600
01/29/2017 15:50,SCH - HQ - NY,23324,1388,1500,-1000
01/29/2017 15:50,SCH - HQ_CEDARS,325274,199,199,-100
01/29/2017 15:50,SCH - HQ_IMPORT_EXPORT,325376,1084,1310,-9999
01/29/2017 15:50,SCH - NE - NY,23318,-998.5,1400,-1600
01/29/2017 15:50,SCH - NPX_1385,325277,0,200,-200
01/29/2017 15:50,SCH - NPX_CSC,325154,0,330,-330
01/29/2017 15:50,SCH - OH - NY,23317,1198.55,1500,-1900
01/29/2017 15:50,SCH - PJ - NY,23316,819.58,2200,-1450
01/29/2017 15:50,SCH - PJM_HTP,325905,0,0,0
01/29/2017 15:50,SCH - PJM_NEPTUNE,325305,660,660,-660
01/29/2017 15:50,SCH - PJM_VFT,325658,315,315,-315
01/29/2017 15:50,SPR/DUN-SOUTH,23320,1796.25,4600,-9999
01/29/2017 15:50,TOTAL EAST,23314,4441.38,6500,-9999
01/29/2017 15:50,UPNY CONED,23315,1335.55,5100,-9999
01/29/2017 15:50,WEST CENTRAL,23312,1270.18,9999,-9999
01/29/2017 15:55,CENTRAL EAST - VC,23330,2172.37,2415,-9999
01/29/2017 15:55,DYSINGER EAST,23326,1778.66,3150,-9999
01/29/2017 15:55,MOSES SOUTH,23319,1907.75,3150,-1600
01/29/2017 15:55,SCH - HQ - NY,23324,1388,1500,-1000
01/29/2017 15:55,SCH - HQ_CEDARS,325274,199,199,-100
01/29/2017 15:55,SCH - HQ_IMPORT_EXPORT,325376,1084,1310,-9999
01/29/2017 15:55,SCH - NE - NY,23318,-998.54,1400,-1600
01/29/2017 15:55,SCH - NPX_1385,325277,0,200,-200
01/29/2017 15:55,SCH - NPX_CSC,325154,0,330,-330
01/29/2017 15:55,SCH - OH - NY,23317,1198.5,1500,-1900
01/29/2017 15:55,SCH - PJ - NY,23316,818.27,2200,-1450
01/29/2017 15:55,SCH - PJM_HTP,325905,0,0,0
01/29/2017 15:55,SCH - PJM_NEPTUNE,325305,660,660,-660
01/29/2017 15:55,SCH - PJM_VFT,325658,315,315,-315
01/29/2017 15:55,SPR/DUN-SOUTH,23320,1781.89,4600,-9999
01/29/2017 15:55,TOTAL EAST,23314,4407.17,6500,-9999
01/29/2017 15:55,UPNY CONED,23315,1290.73,5100,-9999
01/29/2017 15:55,WEST CENTRAL,23312,1265.39,9999,-9999
01/29/2017 16:00,CENTRAL EAST - VC,23330,2144.97,2415,-9999
01/29/2017 16:00,DYSINGER EAST,23326,1696.97,3150,-9999
01/29/2017 16:00,MOSES SOUTH,23319,1949.09,3150,-1600
01/29/2017 16:00,SCH - HQ - NY,23324,1437,1500,-1000
01/29/2017 16:00,SCH - HQ_CEDARS,325274,199,199,-100
01/29/2017 16:00,SCH - HQ_IMPORT_EXPORT,325376,1133,1310,-9999
01/29/2017 16:00,SCH - NE - NY,23318,-970.88,1400,-1600
01/29/2017 16:00,SCH - NPX_1385,325277,13,200,-200
01/29/2017 16:00,SCH - NPX_CSC,325154,0,330,-330
01/29/2017 16:00,SCH - OH - NY,23317,1198.67,1500,-1900
01/29/2017 16:00,SCH - PJ - NY,23316,836.95,2200,-1450
01/29/2017 16:00,SCH - PJM_HTP,325905,0,0,0
01/29/2017 16:00,SCH - PJM_NEPTUNE,325305,660,660,-660
01/29/2017 16:00,SCH - PJM_VFT,325658,315,315,-315
01/29/2017 16:00,SPR/DUN-SOUTH,23320,1845.17,4600,-9999
01/29/2017 16:00,TOTAL EAST,23314,4389.62,6500,-9999
01/29/2017 16:00,UPNY CONED,23315,1355.74,5100,-9999
01/29/2017 16:00,WEST CENTRAL,23312,1185.11,9999,-9999
01/29/2017 16:05,CENTRAL EAST - VC,23330,2155.41,2415,-9999
01/29/2017 16:05,DYSINGER EAST,23326,1667.19,3150,-9999
01/29/2017 16:05,MOSES SOUTH,23319,1992.87,3150,-1600
01/29/2017 16:05,SCH - HQ - NY,23324,1487,1500,-1000
01/29/2017 16:05,SCH - HQ_CEDARS,325274,199,199,-100
01/29/2017 16:05,SCH - HQ_IMPORT_EXPORT,325376,1183,1310,-9999
01/29/2017 16:05,SCH - NE - NY,23318,-943.9,1400,-1600
01/29/2017 16:05,SCH - NPX_1385,325277,26,200,-200
01/29/2017 16:05,SCH - NPX_CSC,325154,0,330,-330
01/29/2017 16:05,SCH - OH - NY,23317,1198.59,1500,-1900
01/29/2017 16:05,SCH - PJ - NY,23316,858.36,2200,-1450
01/29/2017 16:05,SCH - PJM_HTP,325905,0,0,0
01/29/2017 16:05,SCH - PJM_NEPTUNE,325305,660,660,-660
01/29/2017 16:05,SCH - PJM_VFT,325658,315,315,-315
01/29/2017 16:05,SPR/DUN-SOUTH,23320,1824.66,4600,-9999
01/29/2017 16:05,TOTAL EAST,23314,4374.37,6500,-9999
01/29/2017 16:05,UPNY CONED,23315,1341.8,5100,-9999
01/29/2017 16:05,WEST CENTRAL,23312,1153.47,9999,-9999
01/29/2017 16:10,CENTRAL EAST - VC,23330,2183.96,2415,-9999
01/29/2017 16:10,DYSINGER EAST,23326,1758.34,3150,-9999
01/29/2017 16:10,MOSES SOUTH,23319,1955.72,3150,-1600
01/29/2017 16:10,SCH - HQ - NY,23324,1487,1500,-1000
01/29/2017 16:10,SCH - HQ_CEDARS,325274,199,199,-100
01/29/2017 16:10,SCH - HQ_IMPORT_EXPORT,325376,1183,1310,-9999
01/29/2017 16:10,SCH - NE - NY,23318,-943.5,1400,-1600
01/29/2017 16:10,SCH - NPX_1385,325277,26,200,-200
01/29/2017 16:10,SCH - NPX_CSC,325154,0,330,-330
01/29/2017 16:10,SCH - OH - NY,23317,1198.35,1500,-1900
01/29/2017 16:10,SCH - PJ - NY,23316,856.66,2200,-1450
01/29/2017 16:10,SCH - PJM_HTP,325905,0,0,0
01/29/2017 16:10,SCH - PJM_NEPTUNE,325305,660,660,-660
01/29/2017 16:10,SCH - PJM_VFT,325658,315,315,-315
01/29/2017 16:10,SPR/DUN-SOUTH,23320,1860.83,4600,-9999
01/29/2017 16:10,TOTAL EAST,23314,4375.07,6500,-9999
01/29/2017 16:10,UPNY CONED,23315,1394.55,5100,-9999
01/29/2017 16:10,WEST CENTRAL,23312,1231.85,9999,-9999
01/29/2017 16:15,CENTRAL EAST - VC,23330,2171.56,2415,-9999
01/29/2017 16:15,DYSINGER EAST,23326,1712.41,3150,-9999
01/29/2017 16:15,MOSES SOUTH,23319,1966.55,3150,-1600
01/29/2017 16:15,SCH - HQ - NY,23324,1487,1500,-1000
01/29/2017 16:15,SCH - HQ_CEDARS,325274,199,199,-100
01/29/2017 16:15,SCH - HQ_IMPORT_EXPORT,325376,1183,1310,-9999
01/29/2017 16:15,SCH - NE - NY,23318,-984.53,1400,-1600
01/29/2017 16:15,SCH - NPX_1385,325277,26,200,-200
01/29/2017 16:15,SCH - NPX_CSC,325154,0,330,-330
01/29/2017 16:15,SCH - OH - NY,23317,1198.43,1500,-1900
01/29/2017 16:15,SCH - PJ - NY,23316,891.13,2200,-1450
01/29/2017 16:15,SCH - PJM_HTP,325905,0,0,0
01/29/2017 16:15,SCH - PJM_NEPTUNE,325305,660,660,-660
01/29/2017 16:15,SCH - PJM_VFT,325658,315,315,-315
01/29/2017 16:15,SPR/DUN-SOUTH,23320,1824.92,4600,-9999
01/29/2017 16:15,TOTAL EAST,23314,4424.79,6500,-9999
01/29/2017 16:15,UPNY CONED,23315,1357.45,5100,-9999
01/29/2017 16:15,WEST CENTRAL,23312,1184.9,9999,-9999
01/29/2017 16:20,CENTRAL EAST - VC,23330,2182.81,2415,-9999
01/29/2017 16:20,DYSINGER EAST,23326,1749.98,3150,-9999
01/29/2017 16:20,MOSES SOUTH,23319,1967.36,3150,-1600
01/29/2017 16:20,SCH - HQ - NY,23324,1487,1500,-1000
01/29/2017 16:20,SCH - HQ_CEDARS,325274,199,199,-100
01/29/2017 16:20,SCH - HQ_IMPORT_EXPORT,325376,1183,1310,-9999
01/29/2017 16:20,SCH - NE - NY,23318,-1025.47,1400,-1600
01/29/2017 16:20,SCH - NPX_1385,325277,26,200,-200
01/29/2017 16:20,SCH - NPX_CSC,325154,0,330,-330
01/29/2017 16:20,SCH - OH - NY,23317,1198.35,1500,-1900
01/29/2017 16:20,SCH - PJ - NY,23316,927.36,2200,-1450
01/29/2017 16:20,SCH - PJM_HTP,325905,0,0,0
01/29/2017 16:20,SCH - PJM_NEPTUNE,325305,660,660,-660
01/29/2017 16:20,SCH - PJM_VFT,325658,315,315,-315
01/29/2017 16:20,SPR/DUN-SOUTH,23320,1799.53,4600,-9999
01/29/2017 16:20,TOTAL EAST,23314,4495.75,6500,-9999
01/29/2017 16:20,UPNY CONED,23315,1340.89,5100,-9999
01/29/2017 16:20,WEST CENTRAL,23312,1221.96,9999,-9999
01/29/2017 16:25,CENTRAL EAST - VC,23330,2213.51,2415,-9999
01/29/2017 16:25,DYSINGER EAST,23326,1738.55,3150,-9999
01/29/2017 16:25,MOSES SOUTH,23319,2003.13,3150,-1600
01/29/2017 16:25,SCH - HQ - NY,23324,1487,1500,-1000
01/29/2017 16:25,SCH - HQ_CEDARS,325274,199,199,-100
01/29/2017 16:25,SCH - HQ_IMPORT_EXPORT,325376,1183,1310,-9999
01/29/2017 16:25,SCH - NE - NY,23318,-1025.43,1400,-1600
01/29/2017 16:25,SCH - NPX_1385,325277,26,200,-200
01/29/2017 16:25,SCH - NPX_CSC,325154,0,330,-330
01/29/2017 16:25,SCH - OH - NY,23317,1198.43,1500,-1900
01/29/2017 16:25,SCH - PJ - NY,23316,925.85,2200,-1450
01/29/2017 16:25,SCH - PJM_HTP,325905,0,0,0
01/29/2017 16:25,SCH - PJM_NEPTUNE,325305,660,660,-660
01/29/2017 16:25,SCH - PJM_VFT,325658,315,315,-315
01/29/2017 16:25,SPR/DUN-SOUTH,23320,1811.79,4600,-9999
01/29/2017 16:25,TOTAL EAST,23314,4500.55,6500,-9999
01/29/2017 16:25,UPNY CONED,23315,1342.83,5100,-9999
01/29/2017 16:25,WEST CENTRAL,23312,1203.47,9999,-9999
01/29/2017 16:30,CENTRAL EAST - VC,23330,2206.22,2415,-9999
01/29/2017 16:30,DYSINGER EAST,23326,1729.49,3150,-9999
01/29/2017 16:30,MOSES SOUTH,23319,1992.78,3150,-1600
01/29/2017 16:30,SCH - HQ - NY,23324,1487,1500,-1000
01/29/2017 16:30,SCH - HQ_CEDARS,325274,199,199,-100
01/29/2017 16:30,SCH - HQ_IMPORT_EXPORT,325376,1183,1310,-9999
01/29/2017 16:30,SCH - NE - NY,23318,-1044.42,1400,-1600
01/29/2017 16:30,SCH - NPX_1385,325277,26,200,-200
01/29/2017 16:30,SCH - NPX_CSC,325154,0,330,-330
01/29/2017 16:30,SCH - OH - NY,23317,1198.3,1500,-1900
01/29/2017 16:30,SCH - PJ - NY,23316,1053.36,2200,-1450
01/29/2017 16:30,SCH - PJM_HTP,325905,0,0,0
01/29/2017 16:30,SCH - PJM_NEPTUNE,325305,660,660,-660
01/29/2017 16:30,SCH - PJM_VFT,325658,315,315,-315
01/29/2017 16:30,SPR/DUN-SOUTH,23320,1774.19,4600,-9999
01/29/2017 16:30,TOTAL EAST,23314,4577.97,6500,-9999
01/29/2017 16:30,UPNY CONED,23315,1325.86,5100,-9999
01/29/2017 16:30,WEST CENTRAL,23312,1191.67,9999,-9999
01/29/2017 16:35,CENTRAL EAST - VC,23330,2261.12,2415,-9999
01/29/2017 16:35,DYSINGER EAST,23326,1794.06,3150,-9999
01/29/2017 16:35,MOSES SOUTH,23319,1968.23,3150,-1600
01/29/2017 16:35,SCH - HQ - NY,23324,1487,1500,-1000
01/29/2017 16:35,SCH - HQ_CEDARS,325274,199,199,-100
01/29/2017 16:35,SCH - HQ_IMPORT_EXPORT,325376,1183,1310,-9999
01/29/2017 16:35,SCH - NE - NY,23318,-1063.37,1400,-1600
01/29/2017 16:35,SCH - NPX_1385,325277,26,200,-200
01/29/2017 16:35,SCH - NPX_CSC,325154,0,330,-330
01/29/2017 16:35,SCH - OH - NY,23317,1198.27,1500,-1900
01/29/2017 16:35,SCH - PJ - NY,23316,1180.91,2200,-1450
01/29/2017 16:35,SCH - PJM_HTP,325905,0,0,0
01/29/2017 16:35,SCH - PJM_NEPTUNE,325305,660,660,-660
01/29/2017 16:35,SCH - PJM_VFT,325658,315,315,-315
01/29/2017 16:35,SPR/DUN-SOUTH,23320,1898.51,4600,-9999
01/29/2017 16:35,TOTAL EAST,23314,4648.29,6500,-9999
01/29/2017 16:35,UPNY CONED,23315,1473.99,5100,-9999
01/29/2017 16:35,WEST CENTRAL,23312,1249.73,9999,-9999
01/29/2017 16:40,CENTRAL EAST - VC,23330,2273.36,2415,-9999
01/29/2017 16:40,DYSINGER EAST,23326,1807.29,3150,-9999
01/29/2017 16:40,MOSES SOUTH,23319,1973.62,3150,-1600
01/29/2017 16:40,SCH - HQ - NY,23324,1487,1500,-1000
01/29/2017 16:40,SCH - HQ_CEDARS,325274,199,199,-100
01/29/2017 16:40,SCH - HQ_IMPORT_EXPORT,325376,1183,1310,-9999
01/29/2017 16:40,SCH - NE - NY,23318,-1063.38,1400,-1600
01/29/2017 16:40,SCH - NPX_1385,325277,26,200,-200
01/29/2017 16:40,SCH - NPX_CSC,325154,0,330,-330
01/29/2017 16:40,SCH - OH - NY,23317,1198.48,1500,-1900
01/29/2017 16:40,SCH - PJ - NY,23316,1178.65,2200,-1450
01/29/2017 16:40,SCH - PJM_HTP,325905,0,0,0
01/29/2017 16:40,SCH - PJM_NEPTUNE,325305,660,660,-660
01/29/2017 16:40,SCH - PJM_VFT,325658,315,315,-315
01/29/2017 16:40,SPR/DUN-SOUTH,23320,1896.64,4600,-9999
01/29/2017 16:40,TOTAL EAST,23314,4629.7,6500,-9999
01/29/2017 16:40,UPNY CONED,23315,1449.19,5100,-9999
01/29/2017 16:40,WEST CENTRAL,23312,1256.26,9999,-9999
01/29/2017 16:45,CENTRAL EAST - VC,23330,2219.46,2415,-9999
01/29/2017 16:45,DYSINGER EAST,23326,1804.46,3150,-9999
01/29/2017 16:45,MOSES SOUTH,23319,1958.88,3150,-1600
01/29/2017 16:45,SCH - HQ - NY,23324,1487,1500,-1000
01/29/2017 16:45,SCH - HQ_CEDARS,325274,199,199,-100
01/29/2017 16:45,SCH - HQ_IMPORT_EXPORT,325376,1183,1310,-9999
01/29/2017 16:45,SCH - NE - NY,23318,-1017.44,1400,-1600
01/29/2017 16:45,SCH - NPX_1385,325277,26,200,-200
01/29/2017 16:45,SCH - NPX_CSC,325154,0,330,-330
01/29/2017 16:45,SCH - OH - NY,23317,1198.27,1500,-1900
01/29/2017 16:45,SCH - PJ - NY,23316,1178.44,2200,-1450
01/29/2017 16:45,SCH - PJM_HTP,325905,0,0,0
01/29/2017 16:45,SCH - PJM_NEPTUNE,325305,660,660,-660
01/29/2017 16:45,SCH - PJM_VFT,325658,315,315,-315
01/29/2017 16:45,SPR/DUN-SOUTH,23320,1868.06,4600,-9999
01/29/2017 16:45,TOTAL EAST,23314,4615.55,6500,-9999
01/29/2017 16:45,UPNY CONED,23315,1402.87,5100,-9999
01/29/2017 16:45,WEST CENTRAL,23312,1253.31,9999,-9999
01/29/2017 16:50,CENTRAL EAST - VC,23330,2234.75,2415,-9999
01/29/2017 16:50,DYSINGER EAST,23326,1878.05,3150,-9999
01/29/2017 16:50,MOSES SOUTH,23319,1936.32,3150,-1600
01/29/2017 16:50,SCH - HQ - NY,23324,1487,1500,-1000
01/29/2017 16:50,SCH - HQ_CEDARS,325274,199,199,-100
01/29/2017 16:50,SCH - HQ_IMPORT_EXPORT,325376,1183,1310,-9999
01/29/2017 16:50,SCH - NE - NY,23318,-972.46,1400,-1600
01/29/2017 16:50,SCH - NPX_1385,325277,26,200,-200
01/29/2017 16:50,SCH - NPX_CSC,325154,0,330,-330
01/29/2017 16:50,SCH - OH - NY,23317,1198.06,1500,-1900
01/29/2017 16:50,SCH - PJ - NY,23316,1179.34,2200,-1450
01/29/2017 16:50,SCH - PJM_HTP,325905,0,0,0
01/29/2017 16:50,SCH - PJM_NEPTUNE,325305,660,660,-660
01/29/2017 16:50,SCH - PJM_VFT,325658,315,315,-315
01/29/2017 16:50,SPR/DUN-SOUTH,23320,1904.99,4600,-9999
01/29/2017 16:50,TOTAL EAST,23314,4599.16,6500,-9999
01/29/2017 16:50,UPNY CONED,23315,1442.65,5100,-9999
01/29/2017 16:50,WEST CENTRAL,23312,1318.98,9999,-9999
01/29/2017 16:55,CENTRAL EAST - VC,23330,2190.32,2415,-9999
01/29/2017 16:55,DYSINGER EAST,23326,1838.45,3150,-9999
01/29/2017 16:55,MOSES SOUTH,23319,1980.11,3150,-1600
01/29/2017 16:55,SCH - HQ - NY,23324,1487,1500,-1000
01/29/2017 16:55,SCH - HQ_CEDARS,325274,199,199,-100
01/29/2017 16:55,SCH - HQ_IMPORT_EXPORT,325376,1183,1310,-9999
01/29/2017 16:55,SCH - NE - NY,23318,-972.57,1400,-1600
01/29/2017 16:55,SCH - NPX_1385,325277,26,200,-200
01/29/2017 16:55,SCH - NPX_CSC,325154,0,330,-330
01/29/2017 16:55,SCH - OH - NY,23317,1198.21,1500,-1900
01/29/2017 16:55,SCH - PJ - NY,23316,1181.78,2200,-1450
01/29/2017 16:55,SCH - PJM_HTP,325905,0,0,0
01/29/2017 16:55,SCH - PJM_NEPTUNE,325305,660,660,-660
01/29/2017 16:55,SCH - PJM_VFT,325658,315,315,-315
01/29/2017 16:55,SPR/DUN-SOUTH,23320,1842.82,4600,-9999
01/29/2017 16:55,TOTAL EAST,23314,4584.34,6500,-9999
01/29/2017 16:55,UPNY CONED,23315,1370.48,5100,-9999
01/29/2017 16:55,WEST CENTRAL,23312,1267.56,9999,-9999
01/29/2017 17:00,CENTRAL EAST - VC,23330,2147.87,2445,-9999
01/29/2017 17:00,DYSINGER EAST,23326,1700.01,3150,-9999
01/29/2017 17:00,MOSES SOUTH,23319,1962.67,3150,-1600
01/29/2017 17:00,SCH - HQ - NY,23324,1490,1500,-1000
01/29/2017 17:00,SCH - HQ_CEDARS,325274,199,199,-100
01/29/2017 17:00,SCH - HQ_IMPORT_EXPORT,325376,1186,1310,-9999
01/29/2017 17:00,SCH - NE - NY,23318,-996.84,1400,-1600
01/29/2017 17:00,SCH - NPX_1385,325277,-9,200,-200
01/29/2017 17:00,SCH - NPX_CSC,325154,0,330,-330
01/29/2017 17:00,SCH - OH - NY,23317,1017.49,1500,-1900
01/29/2017 17:00,SCH - PJ - NY,23316,1280.11,2200,-1450
01/29/2017 17:00,SCH - PJM_HTP,325905,0,0,0
01/29/2017 17:00,SCH - PJM_NEPTUNE,325305,660,660,-660
01/29/2017 17:00,SCH - PJM_VFT,325658,315,315,-315
01/29/2017 17:00,SPR/DUN-SOUTH,23320,1866.92,4600,-9999
01/29/2017 17:00,TOTAL EAST,23314,4399.22,6500,-9999
01/29/2017 17:00,UPNY CONED,23315,1308.86,5100,-9999
01/29/2017 17:00,WEST CENTRAL,23312,1126.76,9999,-9999
01/29/2017 17:05,CENTRAL EAST - VC,23330,2125.72,2445,-9999
01/29/2017 17:05,DYSINGER EAST,23326,1750.54,3150,-9999
01/29/2017 17:05,MOSES SOUTH,23319,1938.48,3150,-1600
01/29/2017 17:05,SCH - HQ - NY,23324,1493,1500,-1000
01/29/2017 17:05,SCH - HQ_CEDARS,325274,199,199,-100
01/29/2017 17:05,SCH - HQ_IMPORT_EXPORT,325376,1189,1310,-9999
01/29/2017 17:05,SCH - NE - NY,23318,-1020.84,1400,-1600
01/29/2017 17:05,SCH - NPX_1385,325277,-44,200,-200
01/29/2017 17:05,SCH - NPX_CSC,325154,0,330,-330
01/29/2017 17:05,SCH - OH - NY,23317,836.85,1500,-1900
01/29/2017 17:05,SCH - PJ - NY,23316,1382.35,2200,-1450
01/29/2017 17:05,SCH - PJM_HTP,325905,0,0,0
01/29/2017 17:05,SCH - PJM_NEPTUNE,325305,660,660,-660
01/29/2017 17:05,SCH - PJM_VFT,325658,315,315,-315
01/29/2017 17:05,SPR/DUN-SOUTH,23320,1895.6,4600,-9999
01/29/2017 17:05,TOTAL EAST,23314,4328.06,6500,-9999
01/29/2017 17:05,UPNY CONED,23315,1376.68,5100,-9999
01/29/2017 17:05,WEST CENTRAL,23312,1165.91,9999,-9999
01/29/2017 17:10,CENTRAL EAST - VC,23330,2167.5,2445,-9999
01/29/2017 17:10,DYSINGER EAST,23326,1812.53,3150,-9999
01/29/2017 17:10,MOSES SOUTH,23319,1900.8,3150,-1600
01/29/2017 17:10,SCH - HQ - NY,23324,1493,1500,-1000
01/29/2017 17:10,SCH - HQ_CEDARS,325274,199,199,-100
01/29/2017 17:10,SCH - HQ_IMPORT_EXPORT,325376,1189,1310,-9999
01/29/2017 17:10,SCH - NE - NY,23318,-1020.45,1400,-1600
01/29/2017 17:10,SCH - NPX_1385,325277,-44,200,-200
01/29/2017 17:10,SCH - NPX_CSC,325154,0,330,-330
01/29/2017 17:10,SCH - OH - NY,23317,836.73,1500,-1900
01/29/2017 17:10,SCH - PJ - NY,23316,1382.6,2200,-1450
01/29/2017 17:10,SCH - PJM_HTP,325905,0,0,0
01/29/2017 17:10,SCH - PJM_NEPTUNE,325305,660,660,-660
01/29/2017 17:10,SCH - PJM_VFT,325658,315,315,-315
01/29/2017 17:10,SPR/DUN-SOUTH,23320,1922.68,4600,-9999
01/29/2017 17:10,TOTAL EAST,23314,4320.9,6500,-9999
01/29/2017 17:10,UPNY CONED,23315,1470.5,5100,-9999
01/29/2017 17:10,WEST CENTRAL,23312,1208.72,9999,-9999
01/29/2017 17:15,CENTRAL EAST - VC,23330,2149.1,2445,-9999
01/29/2017 17:15,DYSINGER EAST,23326,1796.85,3150,-9999
01/29/2017 17:15,MOSES SOUTH,23319,1937.88,3150,-1600
01/29/2017 17:15,SCH - HQ - NY,23324,1493,1500,-1000
01/29/2017 17:15,SCH - HQ_CEDARS,325274,199,199,-100
01/29/2017 17:15,SCH - HQ_IMPORT_EXPORT,325376,1189,1310,-9999
01/29/2017 17:15,SCH - NE - NY,23318,-962.89,1400,-1600
01/29/2017 17:15,SCH - NPX_1385,325277,-44,200,-200
01/29/2017 17:15,SCH - NPX_CSC,325154,0,330,-330
01/29/2017 17:15,SCH - OH - NY,23317,836.63,1500,-1900
01/29/2017 17:15,SCH - PJ - NY,23316,1431.17,2200,-1450
01/29/2017 17:15,SCH - PJM_HTP,325905,0,0,0
01/29/2017 17:15,SCH - PJM_NEPTUNE,325305,660,660,-660
01/29/2017 17:15,SCH - PJM_VFT,325658,315,315,-315
01/29/2017 17:15,SPR/DUN-SOUTH,23320,1935.77,4600,-9999
01/29/2017 17:15,TOTAL EAST,23314,4373.08,6500,-9999
01/29/2017 17:15,UPNY CONED,23315,1558.48,5100,-9999
01/29/2017 17:15,WEST CENTRAL,23312,1188.13,9999,-9999
01/29/2017 17:20,CENTRAL EAST - VC,23330,2117.46,2445,-9999
01/29/2017 17:20,DYSINGER EAST,23326,1789.21,3150,-9999
01/29/2017 17:20,MOSES SOUTH,23319,1889.02,3150,-1600
01/29/2017 17:20,SCH - HQ - NY,23324,1493,1500,-1000
01/29/2017 17:20,SCH - HQ_CEDARS,325274,199,199,-100
01/29/2017 17:20,SCH - HQ_IMPORT_EXPORT,325376,1189,1310,-9999
01/29/2017 17:20,SCH - NE - NY,23318,-905.93,1400,-1600
01/29/2017 17:20,SCH - NPX_1385,325277,-44,200,-200
01/29/2017 17:20,SCH - NPX_CSC,325154,0,330,-330
01/29/2017 17:20,SCH - OH - NY,23317,836.78,1500,-1900
01/29/2017 17:20,SCH - PJ - NY,23316,1484.31,2200,-1450
01/29/2017 17:20,SCH - PJM_HTP,325905,0,0,0
01/29/2017 17:20,SCH - PJM_NEPTUNE,325305,660,660,-660
01/29/2017 17:20,SCH - PJM_VFT,325658,315,315,-315
01/29/2017 17:20,SPR/DUN-SOUTH,23320,1966.56,4600,-9999
01/29/2017 17:20,TOTAL EAST,23314,4403.18,6500,-9999
01/29/2017 17:20,UPNY CONED,23315,1616.05,5100,-9999
01/29/2017 17:20,WEST CENTRAL,23312,1177.59,9999,-9999
01/29/2017 17:25,CENTRAL EAST - VC,23330,2147.76,2445,-9999
01/29/2017 17:25,DYSINGER EAST,23326,1770.83,3150,-9999
01/29/2017 17:25,MOSES SOUTH,23319,1915.23,3150,-1600
01/29/2017 17:25,SCH - HQ - NY,23324,1493,1500,-1000
01/29/2017 17:25,SCH - HQ_CEDARS,325274,199,199,-100
01/29/2017 17:25,SCH - HQ_IMPORT_EXPORT,325376,1189,1310,-9999
01/29/2017 17:25,SCH - NE - NY,23318,-905.67,1400,-1600
01/29/2017 17:25,SCH - NPX_1385,325277,-44,200,-200
01/29/2017 17:25,SCH - NPX_CSC,325154,0,330,-330
01/29/2017 17:25,SCH - OH - NY,23317,836.81,1500,-1900
01/29/2017 17:25,SCH - PJ - NY,23316,1480.22,2200,-1450
01/29/2017 17:25,SCH - PJM_HTP,325905,0,0,0
01/29/2017 17:25,SCH - PJM_NEPTUNE,325305,660,660,-660
01/29/2017 17:25,SCH - PJM_VFT,325658,315,315,-315
01/29/2017 17:25,SPR/DUN-SOUTH,23320,1960.13,4600,-9999
01/29/2017 17:25,TOTAL EAST,23314,4386.07,6500,-9999
01/29/2017 17:25,UPNY CONED,23315,1601.5,5100,-9999
01/29/2017 17:25,WEST CENTRAL,23312,1147.76,9999,-9999
01/29/2017 17:30,CENTRAL EAST - VC,23330,2127.41,2445,-9999
01/29/2017 17:30,DYSINGER EAST,23326,1773.41,3150,-9999
01/29/2017 17:30,MOSES SOUTH,23319,1893.31,3150,-1600
01/29/2017 17:30,SCH - HQ - NY,23324,1493,1500,-1000
01/29/2017 17:30,SCH - HQ_CEDARS,325274,199,199,-100
01/29/2017 17:30,SCH - HQ_IMPORT_EXPORT,325376,1189,1310,-9999
01/29/2017 17:30,SCH - NE - NY,23318,-928.91,1400,-1600
01/29/2017 17:30,SCH - NPX_1385,325277,-44,200,-200
01/29/2017 17:30,SCH - NPX_CSC,325154,0,330,-330
01/29/2017 17:30,SCH - OH - NY,23317,836.78,1500,-1900
01/29/2017 17:30,SCH - PJ - NY,23316,1516.07,2200,-1450
01/29/2017 17:30,SCH - PJM_HTP,325905,0,0,0
01/29/2017 17:30,SCH - PJM_NEPTUNE,325305,660,660,-660
01/29/2017 17:30,SCH - PJM_VFT,325658,315,315,-315
01/29/2017 17:30,SPR/DUN-SOUTH,23320,1870.73,4600,-9999
01/29/2017 17:30,TOTAL EAST,23314,4403,6500,-9999
01/29/2017 17:30,UPNY CONED,23315,1539.14,5100,-9999
01/29/2017 17:30,WEST CENTRAL,23312,1142.27,9999,-9999
01/29/2017 17:35,CENTRAL EAST - VC,23330,2138.87,2445,-9999
01/29/2017 17:35,DYSINGER EAST,23326,1772.09,3150,-9999
01/29/2017 17:35,MOSES SOUTH,23319,1875.11,3150,-1600
01/29/2017 17:35,SCH - HQ - NY,23324,1493,1500,-1000
01/29/2017 17:35,SCH - HQ_CEDARS,325274,199,199,-100
01/29/2017 17:35,SCH - HQ_IMPORT_EXPORT,325376,1189,1310,-9999
01/29/2017 17:35,SCH - NE - NY,23318,-952.62,1400,-1600
01/29/2017 17:35,SCH - NPX_1385,325277,-44,200,-200
01/29/2017 17:35,SCH - NPX_CSC,325154,0,330,-330
01/29/2017 17:35,SCH - OH - NY,23317,836.8,1500,-1900
01/29/2017 17:35,SCH - PJ - NY,23316,1552.32,2200,-1450
01/29/2017 17:35,SCH - PJM_HTP,325905,0,0,0
01/29/2017 17:35,SCH - PJM_NEPTUNE,325305,660,660,-660
01/29/2017 17:35,SCH - PJM_VFT,325658,315,315,-315
01/29/2017 17:35,SPR/DUN-SOUTH,23320,1839.05,4600,-9999
01/29/2017 17:35,TOTAL EAST,23314,4416.74,6500,-9999
01/29/2017 17:35,UPNY CONED,23315,1528.79,5100,-9999
01/29/2017 17:35,WEST CENTRAL,23312,1134.74,9999,-9999
01/29/2017 17:40,CENTRAL EAST - VC,23330,2098.3,2445,-9999
01/29/2017 17:40,DYSINGER EAST,23326,1764.71,3150,-9999
01/29/2017 17:40,MOSES SOUTH,23319,1808.18,3150,-1600
01/29/2017 17:40,SCH - HQ - NY,23324,1493,1500,-1000
01/29/2017 17:40,SCH - HQ_CEDARS,325274,199,199,-100
01/29/2017 17:40,SCH - HQ_IMPORT_EXPORT,325376,1189,1310,-9999
01/29/2017 17:40,SCH - NE - NY,23318,-952.61,1400,-1600
01/29/2017 17:40,SCH - NPX_1385,325277,-44,200,-200
01/29/2017 17:40,SCH - NPX_CSC,325154,0,330,-330
01/29/2017 17:40,SCH - OH - NY,23317,836.73,1500,-1900
01/29/2017 17:40,SCH - PJ - NY,23316,1550.03,2200,-1450
01/29/2017 17:40,SCH - PJM_HTP,325905,0,0,0
01/29/2017 17:40,SCH - PJM_NEPTUNE,325305,660,660,-660
01/29/2017 17:40,SCH - PJM_VFT,325658,315,315,-315
01/29/2017 17:40,SPR/DUN-SOUTH,23320,1805.24,4600,-9999
01/29/2017 17:40,TOTAL EAST,23314,4450.75,6500,-9999
01/29/2017 17:40,UPNY CONED,23315,1500.12,5100,-9999
01/29/2017 17:40,WEST CENTRAL,23312,1126.52,9999,-9999
01/29/2017 17:45,CENTRAL EAST - VC,23330,2088.18,2445,-9999
01/29/2017 17:45,DYSINGER EAST,23326,1747.68,3150,-9999
01/29/2017 17:45,MOSES SOUTH,23319,1777.45,3150,-1600
01/29/2017 17:45,SCH - HQ - NY,23324,1493,1500,-1000
01/29/2017 17:45,SCH - HQ_CEDARS,325274,199,199,-100
01/29/2017 17:45,SCH - HQ_IMPORT_EXPORT,325376,1189,1310,-9999
01/29/2017 17:45,SCH - NE - NY,23318,-959.61,1400,-1600
01/29/2017 17:45,SCH - NPX_1385,325277,-44,200,-200
01/29/2017 17:45,SCH - NPX_CSC,325154,0,330,-330
01/29/2017 17:45,SCH - OH - NY,23317,836.76,1500,-1900
01/29/2017 17:45,SCH - PJ - NY,23316,1550.75,2200,-1450
01/29/2017 17:45,SCH - PJM_HTP,325905,0,0,0
01/29/2017 17:45,SCH - PJM_NEPTUNE,325305,660,660,-660
01/29/2017 17:45,SCH - PJM_VFT,325658,315,315,-315
01/29/2017 17:45,SPR/DUN-SOUTH,23320,1792.52,4600,-9999
01/29/2017 17:45,TOTAL EAST,23314,4457.53,6500,-9999
01/29/2017 17:45,UPNY CONED,23315,1481.35,5100,-9999
01/29/2017 17:45,WEST CENTRAL,23312,1110.19,9999,-9999
01/29/2017 17:50,CENTRAL EAST - VC,23330,2063.93,2445,-9999
01/29/2017 17:50,DYSINGER EAST,23326,1704.8,3150,-9999
01/29/2017 17:50,MOSES SOUTH,23319,1775.99,3150,-1600
01/29/2017 17:50,SCH - HQ - NY,23324,1493,1500,-1000
01/29/2017 17:50,SCH - HQ_CEDARS,325274,199,199,-100
01/29/2017 17:50,SCH - HQ_IMPORT_EXPORT,325376,1189,1310,-9999
01/29/2017 17:50,SCH - NE - NY,23318,-967.65,1400,-1600
01/29/2017 17:50,SCH - NPX_1385,325277,-44,200,-200
01/29/2017 17:50,SCH - NPX_CSC,325154,0,330,-330
01/29/2017 17:50,SCH - OH - NY,23317,836.88,1500,-1900
01/29/2017 17:50,SCH - PJ - NY,23316,1551.13,2200,-1450
01/29/2017 17:50,SCH - PJM_HTP,325905,0,0,0
01/29/2017 17:50,SCH - PJM_NEPTUNE,325305,660,660,-660
01/29/2017 17:50,SCH - PJM_VFT,325658,315,315,-315
01/29/2017 17:50,SPR/DUN-SOUTH,23320,1744.23,4600,-9999
01/29/2017 17:50,TOTAL EAST,23314,4472.23,6500,-9999
01/29/2017 17:50,UPNY CONED,23315,1445.01,5100,-9999
01/29/2017 17:50,WEST CENTRAL,23312,1066.76,9999,-9999
01/29/2017 17:55,CENTRAL EAST - VC,23330,2083.01,2445,-9999
01/29/2017 17:55,DYSINGER EAST,23326,1699.23,3150,-9999
01/29/2017 17:55,MOSES SOUTH,23319,1797.81,3150,-1600
01/29/2017 17:55,SCH - HQ - NY,23324,1493,1500,-1000
01/29/2017 17:55,SCH - HQ_CEDARS,325274,199,199,-100
01/29/2017 17:55,SCH - HQ_IMPORT_EXPORT,325376,1189,1310,-9999
01/29/2017 17:55,SCH - NE - NY,23318,-967.63,1400,-1600
01/29/2017 17:55,SCH - NPX_1385,325277,-44,200,-200
01/29/2017 17:55,SCH - NPX_CSC,325154,0,330,-330
01/29/2017 17:55,SCH - OH - NY,23317,836.92,1500,-1900
01/29/2017 17:55,SCH - PJ - NY,23316,1555.88,2200,-1450
01/29/2017 17:55,SCH - PJM_HTP,325905,0,0,0
01/29/2017 17:55,SCH - PJM_NEPTUNE,325305,660,660,-660
01/29/2017 17:55,SCH - PJM_VFT,325658,315,315,-315
01/29/2017 17:55,SPR/DUN-SOUTH,23320,1738.18,4600,-9999
01/29/2017 17:55,TOTAL EAST,23314,4467.42,6500,-9999
01/29/2017 17:55,UPNY CONED,23315,1451.35,5100,-9999
01/29/2017 17:55,WEST CENTRAL,23312,1059.72,9999,-9999
01/29/2017 18:00,CENTRAL EAST - VC,23330,2130.7,2445,-9999
01/29/2017 18:00,DYSINGER EAST,23326,1753.83,3150,-9999
01/29/2017 18:00,MOSES SOUTH,23319,1803.35,3150,-1600
01/29/2017 18:00,SCH - HQ - NY,23324,1495,1500,-1000
01/29/2017 18:00,SCH - HQ_CEDARS,325274,199,199,-100
01/29/2017 18:00,SCH - HQ_IMPORT_EXPORT,325376,1191,1310,-9999
01/29/2017 18:00,SCH - NE - NY,23318,-1043.58,1400,-1600
01/29/2017 18:00,SCH - NPX_1385,325277,-22,200,-200
01/29/2017 18:00,SCH - NPX_CSC,325154,0,330,-330
01/29/2017 18:00,SCH - OH - NY,23317,858.78,1500,-1900
01/29/2017 18:00,SCH - PJ - NY,23316,1599.07,2200,-1450
01/29/2017 18:00,SCH - PJM_HTP,325905,0,0,0
01/29/2017 18:00,SCH - PJM_NEPTUNE,325305,660,660,-660
01/29/2017 18:00,SCH - PJM_VFT,325658,315,315,-315
01/29/2017 18:00,SPR/DUN-SOUTH,23320,1735.18,4600,-9999
01/29/2017 18:00,TOTAL EAST,23314,4545.1,6500,-9999
01/29/2017 18:00,UPNY CONED,23315,1441.15,5100,-9999
01/29/2017 18:00,WEST CENTRAL,23312,1107.61,9999,-9999
01/29/2017 18:05,CENTRAL EAST - VC,23330,2131.82,2445,-9999
01/29/2017 18:05,DYSINGER EAST,23326,1737.84,3150,-9999
01/29/2017 18:05,MOSES SOUTH,23319,1793.14,3150,-1600
01/29/2017 18:05,SCH - HQ - NY,23324,1497,1500,-1000
01/29/2017 18:05,SCH - HQ_CEDARS,325274,199,199,-100
01/29/2017 18:05,SCH - HQ_IMPORT_EXPORT,325376,1193,1310,-9999
01/29/2017 18:05,SCH - NE - NY,23318,-1120.52,1400,-1600
01/29/2017 18:05,SCH - NPX_1385,325277,0,200,-200
01/29/2017 18:05,SCH - NPX_CSC,325154,0,330,-330
01/29/2017 18:05,SCH - OH - NY,23317,881.78,1500,-1900
01/29/2017 18:05,SCH - PJ - NY,23316,1648.01,2200,-1450
01/29/2017 18:05,SCH - PJM_HTP,325905,0,0,0
01/29/2017 18:05,SCH - PJM_NEPTUNE,325305,660,660,-660
01/29/2017 18:05,SCH - PJM_VFT,325658,315,315,-315
01/29/2017 18:05,SPR/DUN-SOUTH,23320,1681.71,4600,-9999
01/29/2017 18:05,TOTAL EAST,23314,4619.19,6500,-9999
01/29/2017 18:05,UPNY CONED,23315,1381.17,5100,-9999
01/29/2017 18:05,WEST CENTRAL,23312,1087.61,9999,-9999
01/29/2017 18:10,CENTRAL EAST - VC,23330,2168.87,2445,-9999
01/29/2017 18:10,DYSINGER EAST,23326,1736,3150,-9999
01/29/2017 18:10,MOSES SOUTH,23319,1843.27,3150,-1600
01/29/2017 18:10,SCH - HQ - NY,23324,1497,1500,-1000
01/29/2017 18:10,SCH - HQ_CEDARS,325274,199,199,-100
01/29/2017 18:10,SCH - HQ_IMPORT_EXPORT,325376,1193,1310,-9999
01/29/2017 18:10,SCH - NE - NY,23318,-1120.58,1400,-1600
01/29/2017 18:10,SCH - NPX_1385,325277,0,200,-200
01/29/2017 18:10,SCH - NPX_CSC,325154,0,330,-330
01/29/2017 18:10,SCH - OH - NY,23317,881.86,1500,-1900
01/29/2017 18:10,SCH - PJ - NY,23316,1650.58,2200,-1450
01/29/2017 18:10,SCH - PJM_HTP,325905,0,0,0
01/29/2017 18:10,SCH - PJM_NEPTUNE,325305,660,660,-660
01/29/2017 18:10,SCH - PJM_VFT,325658,315,315,-315
01/29/2017 18:10,SPR/DUN-SOUTH,23320,1679.88,4600,-9999
01/29/2017 18:10,TOTAL EAST,23314,4619.24,6500,-9999
01/29/2017 18:10,UPNY CONED,23315,1387.6,5100,-9999
01/29/2017 18:10,WEST CENTRAL,23312,1084.16,9999,-9999
01/29/2017 18:15,CENTRAL EAST - VC,23330,2196.8,2445,-9999
01/29/2017 18:15,DYSINGER EAST,23326,1734.12,3150,-9999
01/29/2017 18:15,MOSES SOUTH,23319,1911.77,3150,-1600
01/29/2017 18:15,SCH - HQ - NY,23324,1497,1500,-1000
01/29/2017 18:15,SCH - HQ_CEDARS,325274,199,199,-100
01/29/2017 18:15,SCH - HQ_IMPORT_EXPORT,325376,1193,1310,-9999
01/29/2017 18:15,SCH - NE - NY,23318,-1120.85,1400,-1600
01/29/2017 18:15,SCH - NPX_1385,325277,0,200,-200
01/29/2017 18:15,SCH - NPX_CSC,325154,0,330,-330
01/29/2017 18:15,SCH - OH - NY,23317,882.13,1500,-1900
01/29/2017 18:15,SCH - PJ - NY,23316,1648.14,2200,-1450
01/29/2017 18:15,SCH - PJM_HTP,325905,0,0,0
01/29/2017 18:15,SCH - PJM_NEPTUNE,325305,660,660,-660
01/29/2017 18:15,SCH - PJM_VFT,325658,315,315,-315
01/29/2017 18:15,SPR/DUN-SOUTH,23320,1699.45,4600,-9999
01/29/2017 18:15,TOTAL EAST,23314,4604.89,6500,-9999
01/29/2017 18:15,UPNY CONED,23315,1404.45,5100,-9999
01/29/2017 18:15,WEST CENTRAL,23312,1078.97,9999,-9999
01/29/2017 18:20,CENTRAL EAST - VC,23330,2201.52,2445,-9999
01/29/2017 18:20,DYSINGER EAST,23326,1784.42,3150,-9999
01/29/2017 18:20,MOSES SOUTH,23319,1918.38,3150,-1600
01/29/2017 18:20,SCH - HQ - NY,23324,1497,1500,-1000
01/29/2017 18:20,SCH - HQ_CEDARS,325274,199,199,-100
01/29/2017 18:20,SCH - HQ_IMPORT_EXPORT,325376,1193,1310,-9999
01/29/2017 18:20,SCH - NE - NY,23318,-1120.61,1400,-1600
01/29/2017 18:20,SCH - NPX_1385,325277,0,200,-200
01/29/2017 18:20,SCH - NPX_CSC,325154,0,330,-330
01/29/2017 18:20,SCH - OH - NY,23317,881.69,1500,-1900
01/29/2017 18:20,SCH - PJ - NY,23316,1649.09,2200,-1450
01/29/2017 18:20,SCH - PJM_HTP,325905,0,0,0
01/29/2017 18:20,SCH - PJM_NEPTUNE,325305,660,660,-660
01/29/2017 18:20,SCH - PJM_VFT,325658,315,315,-315
01/29/2017 18:20,SPR/DUN-SOUTH,23320,1712.19,4600,-9999
01/29/2017 18:20,TOTAL EAST,23314,4584.65,6500,-9999
01/29/2017 18:20,UPNY CONED,23315,1413.17,5100,-9999
01/29/2017 18:20,WEST CENTRAL,23312,1126.59,9999,-9999
01/29/2017 18:25,CENTRAL EAST - VC,23330,2191.93,2445,-9999
01/29/2017 18:25,DYSINGER EAST,23326,1781.85,3150,-9999
01/29/2017 18:25,MOSES SOUTH,23319,1922.38,3150,-1600
01/29/2017 18:25,SCH - HQ - NY,23324,1497,1500,-1000
01/29/2017 18:25,SCH - HQ_CEDARS,325274,199,199,-100
01/29/2017 18:25,SCH - HQ_IMPORT_EXPORT,325376,1193,1310,-9999
01/29/2017 18:25,SCH - NE - NY,23318,-1120.85,1400,-1600
01/29/2017 18:25,SCH - NPX_1385,325277,0,200,-200
01/29/2017 18:25,SCH - NPX_CSC,325154,0,330,-330
01/29/2017 18:25,SCH - OH - NY,23317,881.78,1500,-1900
01/29/2017 18:25,SCH - PJ - NY,23316,1650.29,2200,-1450
01/29/2017 18:25,SCH - PJM_HTP,325905,0,0,0
01/29/2017 18:25,SCH - PJM_NEPTUNE,325305,660,660,-660
01/29/2017 18:25,SCH - PJM_VFT,325658,315,315,-315
01/29/2017 18:25,SPR/DUN-SOUTH,23320,1704.38,4600,-9999
01/29/2017 18:25,TOTAL EAST,23314,4575.75,6500,-9999
01/29/2017 18:25,UPNY CONED,23315,1386.78,5100,-9999
01/29/2017 18:25,WEST CENTRAL,23312,1127.22,9999,-9999
01/29/2017 18:30,CENTRAL EAST - VC,23330,2191.04,2445,-9999
01/29/2017 18:30,DYSINGER EAST,23326,1757.94,3150,-9999
01/29/2017 18:30,MOSES SOUTH,23319,1915.27,3150,-1600
01/29/2017 18:30,SCH - HQ - NY,23324,1497,1500,-1000
01/29/2017 18:30,SCH - HQ_CEDARS,325274,199,199,-100
01/29/2017 18:30,SCH - HQ_IMPORT_EXPORT,325376,1193,1310,-9999
01/29/2017 18:30,SCH - NE - NY,23318,-1129.85,1400,-1600
01/29/2017 18:30,SCH - NPX_1385,325277,0,200,-200
01/29/2017 18:30,SCH - NPX_CSC,325154,0,330,-330
01/29/2017 18:30,SCH - OH - NY,23317,881.95,1500,-1900
01/29/2017 18:30,SCH - PJ - NY,23316,1649.78,2200,-1450
01/29/2017 18:30,SCH - PJM_HTP,325905,0,0,0
01/29/2017 18:30,SCH - PJM_NEPTUNE,325305,660,660,-660
01/29/2017 18:30,SCH - PJM_VFT,325658,315,315,-315
01/29/2017 18:30,SPR/DUN-SOUTH,23320,1703.66,4600,-9999
01/29/2017 18:30,TOTAL EAST,23314,4580.04,6500,-9999
01/29/2017 18:30,UPNY CONED,23315,1383.88,5100,-9999
01/29/2017 18:30,WEST CENTRAL,23312,1108.23,9999,-9999
01/29/2017 18:35,CENTRAL EAST - VC,23330,2216.25,2445,-9999
01/29/2017 18:35,DYSINGER EAST,23326,1795.21,3150,-9999
01/29/2017 18:35,MOSES SOUTH,23319,1926.38,3150,-1600
01/29/2017 18:35,SCH - HQ - NY,23324,1497,1500,-1000
01/29/2017 18:35,SCH - HQ_CEDARS,325274,199,199,-100
01/29/2017 18:35,SCH - HQ_IMPORT_EXPORT,325376,1193,1310,-9999
01/29/2017 18:35,SCH - NE - NY,23318,-1138.6,1400,-1600
01/29/2017 18:35,SCH - NPX_1385,325277,0,200,-200
01/29/2017 18:35,SCH - NPX_CSC,325154,0,330,-330
01/29/2017 18:35,SCH - OH - NY,23317,881.65,1500,-1900
01/29/2017 18:35,SCH - PJ - NY,23316,1648.13,2200,-1450
01/29/2017 18:35,SCH - PJM_HTP,325905,0,0,0
01/29/2017 18:35,SCH - PJM_NEPTUNE,325305,660,660,-660
01/29/2017 18:35,SCH - PJM_VFT,325658,315,315,-315
01/29/2017 18:35,SPR/DUN-SOUTH,23320,1728.34,4600,-9999
01/29/2017 18:35,TOTAL EAST,23314,4588.94,6500,-9999
01/29/2017 18:35,UPNY CONED,23315,1403.54,5100,-9999
01/29/2017 18:35,WEST CENTRAL,23312,1146.47,9999,-9999
01/29/2017 18:40,CENTRAL EAST - VC,23330,2211.39,2445,-9999
01/29/2017 18:40,DYSINGER EAST,23326,1778.49,3150,-9999
01/29/2017 18:40,MOSES SOUTH,23319,1906.42,3150,-1600
01/29/2017 18:40,SCH - HQ - NY,23324,1497,1500,-1000
01/29/2017 18:40,SCH - HQ_CEDARS,325274,199,199,-100
01/29/2017 18:40,SCH - HQ_IMPORT_EXPORT,325376,1193,1310,-9999
01/29/2017 18:40,SCH - NE - NY,23318,-1138.6,1400,-1600
01/29/2017 18:40,SCH - NPX_1385,325277,0,200,-200
01/29/2017 18:40,SCH - NPX_CSC,325154,0,330,-330
01/29/2017 18:40,SCH - OH - NY,23317,881.76,1500,-1900
01/29/2017 18:40,SCH - PJ - NY,23316,1649.55,2200,-1450
01/29/2017 18:40,SCH - PJM_HTP,325905,0,0,0
01/29/2017 18:40,SCH - PJM_NEPTUNE,325305,660,660,-660
01/29/2017 18:40,SCH - PJM_VFT,325658,315,315,-315
01/29/2017 18:40,SPR/DUN-SOUTH,23320,1733.32,4600,-9999
01/29/2017 18:40,TOTAL EAST,23314,4587.65,6500,-9999
01/29/2017 18:40,UPNY CONED,23315,1404.37,5100,-9999
01/29/2017 18:40,WEST CENTRAL,23312,1135.2,9999,-9999
01/29/2017 18:45,CENTRAL EAST - VC,23330,2222.16,2445,-9999
01/29/2017 18:45,DYSINGER EAST,23326,1814.9,3150,-9999
01/29/2017 18:45,MOSES SOUTH,23319,1904.04,3150,-1600
01/29/2017 18:45,SCH - HQ - NY,23324,1497,1500,-1000
01/29/2017 18:45,SCH - HQ_CEDARS,325274,199,199,-100
01/29/2017 18:45,SCH - HQ_IMPORT_EXPORT,325376,1193,1310,-9999
01/29/2017 18:45,SCH - NE - NY,23318,-1120.6,1400,-1600
01/29/2017 18:45,SCH - NPX_1385,325277,0,200,-200
01/29/2017 18:45,SCH - NPX_CSC,325154,0,330,-330
01/29/2017 18:45,SCH - OH - NY,23317,881.66,1500,-1900
01/29/2017 18:45,SCH - PJ - NY,23316,1616.69,2200,-1450
01/29/2017 18:45,SCH - PJM_HTP,325905,0,0,0
01/29/2017 18:45,SCH - PJM_NEPTUNE,325305,660,660,-660
01/29/2017 18:45,SCH - PJM_VFT,325658,315,315,-315
01/29/2017 18:45,SPR/DUN-SOUTH,23320,1751.84,4600,-9999
01/29/2017 18:45,TOTAL EAST,23314,4558.38,6500,-9999
01/29/2017 18:45,UPNY CONED,23315,1420.92,5100,-9999
01/29/2017 18:45,WEST CENTRAL,23312,1174.51,9999,-9999
01/29/2017 18:50,CENTRAL EAST - VC,23330,2225.21,2445,-9999
01/29/2017 18:50,DYSINGER EAST,23326,1792.68,3150,-9999
01/29/2017 18:50,MOSES SOUTH,23319,1938.49,3150,-1600
01/29/2017 18:50,SCH - HQ - NY,23324,1497,1500,-1000
01/29/2017 18:50,SCH - HQ_CEDARS,325274,199,199,-100
01/29/2017 18:50,SCH - HQ_IMPORT_EXPORT,325376,1193,1310,-9999
01/29/2017 18:50,SCH - NE - NY,23318,-1103.64,1400,-1600
01/29/2017 18:50,SCH - NPX_1385,325277,0,200,-200
01/29/2017 18:50,SCH - NPX_CSC,325154,0,330,-330
01/29/2017 18:50,SCH - OH - NY,23317,881.69,1500,-1900
01/29/2017 18:50,SCH - PJ - NY,23316,1579,2200,-1450
01/29/2017 18:50,SCH - PJM_HTP,325905,0,0,0
01/29/2017 18:50,SCH - PJM_NEPTUNE,325305,660,660,-660
01/29/2017 18:50,SCH - PJM_VFT,325658,315,315,-315
01/29/2017 18:50,SPR/DUN-SOUTH,23320,1786.35,4600,-9999
01/29/2017 18:50,TOTAL EAST,23314,4560.52,6500,-9999
01/29/2017 18:50,UPNY CONED,23315,1445.94,5100,-9999
01/29/2017 18:50,WEST CENTRAL,23312,1155.24,9999,-9999
01/29/2017 18:55,CENTRAL EAST - VC,23330,2195.29,2445,-9999
01/29/2017 18:55,DYSINGER EAST,23326,1769.94,3150,-9999
01/29/2017 18:55,MOSES SOUTH,23319,1943.1,3150,-1600
01/29/2017 18:55,SCH - HQ - NY,23324,1497,1500,-1000
01/29/2017 18:55,SCH - HQ_CEDARS,325274,199,199,-100
01/29/2017 18:55,SCH - HQ_IMPORT_EXPORT,325376,1193,1310,-9999
01/29/2017 18:55,SCH - NE - NY,23318,-1103.86,1400,-1600
01/29/2017 18:55,SCH - NPX_1385,325277,0,200,-200
01/29/2017 18:55,SCH - NPX_CSC,325154,0,330,-330
01/29/2017 18:55,SCH - OH - NY,23317,881.79,1500,-1900
01/29/2017 18:55,SCH - PJ - NY,23316,1579.11,2200,-1450
01/29/2017 18:55,SCH - PJM_HTP,325905,0,0,0
01/29/2017 18:55,SCH - PJM_NEPTUNE,325305,660,660,-660
01/29/2017 18:55,SCH - PJM_VFT,325658,315,315,-315
01/29/2017 18:55,SPR/DUN-SOUTH,23320,1766.43,4600,-9999
01/29/2017 18:55,TOTAL EAST,23314,4580.05,6500,-9999
01/29/2017 18:55,UPNY CONED,23315,1431.94,5100,-9999
01/29/2017 18:55,WEST CENTRAL,23312,1139.51,9999,-9999
01/29/2017 19:00,CENTRAL EAST - VC,23330,2232.5,2445,-9999
01/29/2017 19:00,DYSINGER EAST,23326,1799.22,3150,-9999
01/29/2017 19:00,MOSES SOUTH,23319,1954.03,3150,-1600
01/29/2017 19:00,SCH - HQ - NY,23324,1498,1500,-1000
01/29/2017 19:00,SCH - HQ_CEDARS,325274,199,199,-100
01/29/2017 19:00,SCH - HQ_IMPORT_EXPORT,325376,1194,1310,-9999
01/29/2017 19:00,SCH - NE - NY,23318,-1098.65,1400,-1600
01/29/2017 19:00,SCH - NPX_1385,325277,0,200,-200
01/29/2017 19:00,SCH - NPX_CSC,325154,0,330,-330
01/29/2017 19:00,SCH - OH - NY,23317,861.64,1500,-1900
01/29/2017 19:00,SCH - PJ - NY,23316,1601.04,2200,-1450
01/29/2017 19:00,SCH - PJM_HTP,325905,0,0,0
01/29/2017 19:00,SCH - PJM_NEPTUNE,325305,660,660,-660
01/29/2017 19:00,SCH - PJM_VFT,325658,315,315,-315
01/29/2017 19:00,SPR/DUN-SOUTH,23320,1744.5,4600,-9999
01/29/2017 19:00,TOTAL EAST,23314,4593.05,6500,-9999
01/29/2017 19:00,UPNY CONED,23315,1459.27,5100,-9999
01/29/2017 19:00,WEST CENTRAL,23312,1170.67,9999,-9999
01/29/2017 19:05,CENTRAL EAST - VC,23330,2228.41,2445,-9999
01/29/2017 19:05,DYSINGER EAST,23326,1817.05,3150,-9999
01/29/2017 19:05,MOSES SOUTH,23319,1939.42,3150,-1600
01/29/2017 19:05,SCH - HQ - NY,23324,1500,1500,-1000
01/29/2017 19:05,SCH - HQ_CEDARS,325274,199,199,-100
01/29/2017 19:05,SCH - HQ_IMPORT_EXPORT,325376,1196,1310,-9999
01/29/2017 19:05,SCH - NE - NY,23318,-1094.62,1400,-1600
01/29/2017 19:05,SCH - NPX_1385,325277,0,200,-200
01/29/2017 19:05,SCH - NPX_CSC,325154,0,330,-330
01/29/2017 19:05,SCH - OH - NY,23317,841.65,1500,-1900
01/29/2017 19:05,SCH - PJ - NY,23316,1627.51,2200,-1450
01/29/2017 19:05,SCH - PJM_HTP,325905,0,0,0
01/29/2017 19:05,SCH - PJM_NEPTUNE,325305,660,660,-660
01/29/2017 19:05,SCH - PJM_VFT,325658,315,315,-315
01/29/2017 19:05,SPR/DUN-SOUTH,23320,1748.37,4600,-9999
01/29/2017 19:05,TOTAL EAST,23314,4564.13,6500,-9999
01/29/2017 19:05,UPNY CONED,23315,1456.97,5100,-9999
01/29/2017 19:05,WEST CENTRAL,23312,1189.5,9999,-9999
01/29/2017 19:10,CENTRAL EAST - VC,23330,2208.48,2445,-9999
01/29/2017 19:10,DYSINGER EAST,23326,1799.42,3150,-9999
01/29/2017 19:10,MOSES SOUTH,23319,1958.84,3150,-1600
01/29/2017 19:10,SCH - HQ - NY,23324,1500,1500,-1000
01/29/2017 19:10,SCH - HQ_CEDARS,325274,199,199,-100
01/29/2017 19:10,SCH - HQ_IMPORT_EXPORT,325376,1196,1310,-9999
01/29/2017 19:10,SCH - NE - NY,23318,-1094.64,1400,-1600
01/29/2017 19:10,SCH - NPX_1385,325277,0,200,-200
01/29/2017 19:10,SCH - NPX_CSC,325154,0,330,-330
01/29/2017 19:10,SCH - OH - NY,23317,841.59,1500,-1900
01/29/2017 19:10,SCH - PJ - NY,23316,1624.13,2200,-1450
01/29/2017 19:10,SCH - PJM_HTP,325905,0,0,0
01/29/2017 19:10,SCH - PJM_NEPTUNE,325305,660,660,-660
01/29/2017 19:10,SCH - PJM_VFT,325658,315,315,-315
01/29/2017 19:10,SPR/DUN-SOUTH,23320,1715.43,4600,-9999
01/29/2017 19:10,TOTAL EAST,23314,4581.38,6500,-9999
01/29/2017 19:10,UPNY CONED,23315,1424.65,5100,-9999
01/29/2017 19:10,WEST CENTRAL,23312,1176.14,9999,-9999
01/29/2017 19:15,CENTRAL EAST - VC,23330,2215.53,2445,-9999
01/29/2017 19:15,DYSINGER EAST,23326,1794.84,3150,-9999
01/29/2017 19:15,MOSES SOUTH,23319,1920.05,3150,-1600
01/29/2017 19:15,SCH - HQ - NY,23324,1500,1500,-1000
01/29/2017 19:15,SCH - HQ_CEDARS,325274,199,199,-100
01/29/2017 19:15,SCH - HQ_IMPORT_EXPORT,325376,1196,1310,-9999
01/29/2017 19:15,SCH - NE - NY,23318,-1074.66,1400,-1600
01/29/2017 19:15,SCH - NPX_1385,325277,0,200,-200
01/29/2017 19:15,SCH - NPX_CSC,325154,0,330,-330
01/29/2017 19:15,SCH - OH - NY,23317,841.66,1500,-1900
01/29/2017 19:15,SCH - PJ - NY,23316,1624.46,2200,-1450
01/29/2017 19:15,SCH - PJM_HTP,325905,0,0,0
01/29/2017 19:15,SCH - PJM_NEPTUNE,325305,660,660,-660
01/29/2017 19:15,SCH - PJM_VFT,325658,315,315,-315
01/29/2017 19:15,SPR/DUN-SOUTH,23320,1669.74,4600,-9999
01/29/2017 19:15,TOTAL EAST,23314,4628.98,6500,-9999
01/29/2017 19:15,UPNY CONED,23315,1369.34,5100,-9999
01/29/2017 19:15,WEST CENTRAL,23312,1175.32,9999,-9999
01/29/2017 19:20,CENTRAL EAST - VC,23330,2242.7,2445,-9999
01/29/2017 19:20,DYSINGER EAST,23326,1823.95,3150,-9999
01/29/2017 19:20,MOSES SOUTH,23319,1928.34,3150,-1600
01/29/2017 19:20,SCH - HQ - NY,23324,1500,1500,-1000
01/29/2017 19:20,SCH - HQ_CEDARS,325274,199,199,-100
01/29/2017 19:20,SCH - HQ_IMPORT_EXPORT,325376,1196,1310,-9999
01/29/2017 19:20,SCH - NE - NY,23318,-1054.66,1400,-1600
01/29/2017 19:20,SCH - NPX_1385,325277,0,200,-200
01/29/2017 19:20,SCH - NPX_CSC,325154,0,330,-330
01/29/2017 19:20,SCH - OH - NY,23317,841.66,1500,-1900
01/29/2017 19:20,SCH - PJ - NY,23316,1625.41,2200,-1450
01/29/2017 19:20,SCH - PJM_HTP,325905,0,0,0
01/29/2017 19:20,SCH - PJM_NEPTUNE,325305,660,660,-660
01/29/2017 19:20,SCH - PJM_VFT,325658,315,315,-315
01/29/2017 19:20,SPR/DUN-SOUTH,23320,1727.25,4600,-9999
01/29/2017 19:20,TOTAL EAST,23314,4608.95,6500,-9999
01/29/2017 19:20,UPNY CONED,23315,1425.19,5100,-9999
01/29/2017 19:20,WEST CENTRAL,23312,1203.99,9999,-9999
01/29/2017 19:25,CENTRAL EAST - VC,23330,2234.58,2445,-9999
01/29/2017 19:25,DYSINGER EAST,23326,1843.8,3150,-9999
01/29/2017 19:25,MOSES SOUTH,23319,1924.58,3150,-1600
01/29/2017 19:25,SCH - HQ - NY,23324,1500,1500,-1000
01/29/2017 19:25,SCH - HQ_CEDARS,325274,199,199,-100
01/29/2017 19:25,SCH - HQ_IMPORT_EXPORT,325376,1196,1310,-9999
01/29/2017 19:25,SCH - NE - NY,23318,-1054.62,1400,-1600
01/29/2017 19:25,SCH - NPX_1385,325277,0,200,-200
01/29/2017 19:25,SCH - NPX_CSC,325154,0,330,-330
01/29/2017 19:25,SCH - OH - NY,23317,841.53,1500,-1900
01/29/2017 19:25,SCH - PJ - NY,23316,1626.59,2200,-1450
01/29/2017 19:25,SCH - PJM_HTP,325905,0,0,0
01/29/2017 19:25,SCH - PJM_NEPTUNE,325305,660,660,-660
01/29/2017 19:25,SCH - PJM_VFT,325658,315,315,-315
01/29/2017 19:25,SPR/DUN-SOUTH,23320,1718.07,4600,-9999
01/29/2017 19:25,TOTAL EAST,23314,4602.12,6500,-9999
01/29/2017 19:25,UPNY CONED,23315,1404.49,5100,-9999
01/29/2017 19:25,WEST CENTRAL,23312,1223.19,9999,-9999
01/29/2017 19:30,CENTRAL EAST - VC,23330,2170,2445,-9999
01/29/2017 19:30,DYSINGER EAST,23326,1850.85,3150,-9999
01/29/2017 19:30,MOSES SOUTH,23319,1852.81,3150,-1600
01/29/2017 19:30,SCH - HQ - NY,23324,1500,1500,-1000
01/29/2017 19:30,SCH - HQ_CEDARS,325274,199,199,-100
01/29/2017 19:30,SCH - HQ_IMPORT_EXPORT,325376,1196,1310,-9999
01/29/2017 19:30,SCH - NE - NY,23318,-1069.59,1400,-1600
01/29/2017 19:30,SCH - NPX_1385,325277,0,200,-200
01/29/2017 19:30,SCH - NPX_CSC,325154,0,330,-330
01/29/2017 19:30,SCH - OH - NY,23317,841.38,1500,-1900
01/29/2017 19:30,SCH - PJ - NY,23316,1624,2200,-1450
01/29/2017 19:30,SCH - PJM_HTP,325905,0,0,0
01/29/2017 19:30,SCH - PJM_NEPTUNE,325305,660,660,-660
01/29/2017 19:30,SCH - PJM_VFT,325658,315,315,-315
01/29/2017 19:30,SPR/DUN-SOUTH,23320,1648.94,4600,-9999
01/29/2017 19:30,TOTAL EAST,23314,4605,6500,-9999
01/29/2017 19:30,UPNY CONED,23315,1334.63,5100,-9999
01/29/2017 19:30,WEST CENTRAL,23312,1234.03,9999,-9999
01/29/2017 19:35,CENTRAL EAST - VC,23330,2177.34,2445,-9999
01/29/2017 19:35,DYSINGER EAST,23326,1817.16,3150,-9999
01/29/2017 19:35,MOSES SOUTH,23319,1868.04,3150,-1600
01/29/2017 19:35,SCH - HQ - NY,23324,1500,1500,-1000
01/29/2017 19:35,SCH - HQ_CEDARS,325274,199,199,-100
01/29/2017 19:35,SCH - HQ_IMPORT_EXPORT,325376,1196,1310,-9999
01/29/2017 19:35,SCH - NE - NY,23318,-1085.61,1400,-1600
01/29/2017 19:35,SCH - NPX_1385,325277,0,200,-200
01/29/2017 19:35,SCH - NPX_CSC,325154,0,330,-330
01/29/2017 19:35,SCH - OH - NY,23317,841.54,1500,-1900
01/29/2017 19:35,SCH - PJ - NY,23316,1622.99,2200,-1450
01/29/2017 19:35,SCH - PJM_HTP,325905,0,0,0
01/29/2017 19:35,SCH - PJM_NEPTUNE,325305,660,660,-660
01/29/2017 19:35,SCH - PJM_VFT,325658,315,315,-315
01/29/2017 19:35,SPR/DUN-SOUTH,23320,1678.02,4600,-9999
01/29/2017 19:35,TOTAL EAST,23314,4649.6,6500,-9999
01/29/2017 19:35,UPNY CONED,23315,1350.45,5100,-9999
01/29/2017 19:35,WEST CENTRAL,23312,1205.49,9999,-9999
01/29/2017 19:40,CENTRAL EAST - VC,23330,2177.28,2445,-9999
01/29/2017 19:40,DYSINGER EAST,23326,1777.87,3150,-9999
01/29/2017 19:40,MOSES SOUTH,23319,1881.94,3150,-1600
01/29/2017 19:40,SCH - HQ - NY,23324,1500,1500,-1000
01/29/2017 19:40,SCH - HQ_CEDARS,325274,199,199,-100
01/29/2017 19:40,SCH - HQ_IMPORT_EXPORT,325376,1196,1310,-9999
01/29/2017 19:40,SCH - NE - NY,23318,-1085.87,1400,-1600
01/29/2017 19:40,SCH - NPX_1385,325277,0,200,-200
01/29/2017 19:40,SCH - NPX_CSC,325154,0,330,-330
01/29/2017 19:40,SCH - OH - NY,23317,841.9,1500,-1900
01/29/2017 19:40,SCH - PJ - NY,23316,1624.47,2200,-1450
01/29/2017 19:40,SCH - PJM_HTP,325905,0,0,0
01/29/2017 19:40,SCH - PJM_NEPTUNE,325305,660,660,-660
01/29/2017 19:40,SCH - PJM_VFT,325658,315,315,-315
01/29/2017 19:40,SPR/DUN-SOUTH,23320,1737.18,4600,-9999
01/29/2017 19:40,TOTAL EAST,23314,4704.15,6500,-9999
01/29/2017 19:40,UPNY CONED,23315,1398.87,5100,-9999
01/29/2017 19:40,WEST CENTRAL,23312,1170.61,9999,-9999
01/29/2017 19:45,CENTRAL EAST - VC,23330,2201.14,2445,-9999
01/29/2017 19:45,DYSINGER EAST,23326,1755.11,3150,-9999
01/29/2017 19:45,MOSES SOUTH,23319,1889.16,3150,-1600
01/29/2017 19:45,SCH - HQ - NY,23324,1500,1500,-1000
01/29/2017 19:45,SCH - HQ_CEDARS,325274,199,199,-100
01/29/2017 19:45,SCH - HQ_IMPORT_EXPORT,325376,1196,1310,-9999
01/29/2017 19:45,SCH - NE - NY,23318,-1095.59,1400,-1600
01/29/2017 19:45,SCH - NPX_1385,325277,0,200,-200
01/29/2017 19:45,SCH - NPX_CSC,325154,0,330,-330
01/29/2017 19:45,SCH - OH - NY,23317,841.77,1500,-1900
01/29/2017 19:45,SCH - PJ - NY,23316,1591.74,2200,-1450
01/29/2017 19:45,SCH - PJM_HTP,325905,0,0,0
01/29/2017 19:45,SCH - PJM_NEPTUNE,325305,660,660,-660
01/29/2017 19:45,SCH - PJM_VFT,325658,315,315,-315
01/29/2017 19:45,SPR/DUN-SOUTH,23320,1760.37,4600,-9999
01/29/2017 19:45,TOTAL EAST,23314,4702.19,6500,-9999
01/29/2017 19:45,UPNY CONED,23315,1416.26,5100,-9999
01/29/2017 19:45,WEST CENTRAL,23312,1151.39,9999,-9999
01/29/2017 19:50,CENTRAL EAST - VC,23330,2211.39,2445,-9999
01/29/2017 19:50,DYSINGER EAST,23326,1712.08,3150,-9999
01/29/2017 19:50,MOSES SOUTH,23319,1918.62,3150,-1600
01/29/2017 19:50,SCH - HQ - NY,23324,1500,1500,-1000
01/29/2017 19:50,SCH - HQ_CEDARS,325274,199,199,-100
01/29/2017 19:50,SCH - HQ_IMPORT_EXPORT,325376,1196,1310,-9999
01/29/2017 19:50,SCH - NE - NY,23318,-1106.57,1400,-1600
01/29/2017 19:50,SCH - NPX_1385,325277,0,200,-200
01/29/2017 19:50,SCH - NPX_CSC,325154,0,330,-330
01/29/2017 19:50,SCH - OH - NY,23317,841.92,1500,-1900
01/29/2017 19:50,SCH - PJ - NY,23316,1555.99,2200,-1450
01/29/2017 19:50,SCH - PJM_HTP,325905,0,0,0
01/29/2017 19:50,SCH - PJM_NEPTUNE,325305,660,660,-660
01/29/2017 19:50,SCH - PJM_VFT,325658,315,315,-315
01/29/2017 19:50,SPR/DUN-SOUTH,23320,1786.61,4600,-9999
01/29/2017 19:50,TOTAL EAST,23314,4718.18,6500,-9999
01/29/2017 19:50,UPNY CONED,23315,1423.67,5100,-9999
01/29/2017 19:50,WEST CENTRAL,23312,1114.82,9999,-9999
01/29/2017 19:55,CENTRAL EAST - VC,23330,2195.12,2445,-9999
01/29/2017 19:55,DYSINGER EAST,23326,1675.55,3150,-9999
01/29/2017 19:55,MOSES SOUTH,23319,1929.43,3150,-1600
01/29/2017 19:55,SCH - HQ - NY,23324,1500,1500,-1000
01/29/2017 19:55,SCH - HQ_CEDARS,325274,199,199,-100
01/29/2017 19:55,SCH - HQ_IMPORT_EXPORT,325376,1196,1310,-9999
01/29/2017 19:55,SCH - NE - NY,23318,-1106.6,1400,-1600
01/29/2017 19:55,SCH - NPX_1385,325277,0,200,-200
01/29/2017 19:55,SCH - NPX_CSC,325154,0,330,-330
01/29/2017 19:55,SCH - OH - NY,23317,841.97,1500,-1900
01/29/2017 19:55,SCH - PJ - NY,23316,1553.89,2200,-1450
01/29/2017 19:55,SCH - PJM_HTP,325905,0,0,0
01/29/2017 19:55,SCH - PJM_NEPTUNE,325305,660,660,-660
01/29/2017 19:55,SCH - PJM_VFT,325658,315,315,-315
01/29/2017 19:55,SPR/DUN-SOUTH,23320,1800.06,4600,-9999
01/29/2017 19:55,TOTAL EAST,23314,4761.48,6500,-9999
01/29/2017 19:55,UPNY CONED,23315,1426.33,5100,-9999
01/29/2017 19:55,WEST CENTRAL,23312,1085.71,9999,-9999
01/29/2017 20:00,CENTRAL EAST - VC,23330,2151.96,2445,-9999
01/29/2017 20:00,DYSINGER EAST,23326,1649.75,3150,-9999
01/29/2017 20:00,MOSES SOUTH,23319,1846.92,3150,-1600
01/29/2017 20:00,SCH - HQ - NY,23324,1500,1500,-1000
01/29/2017 20:00,SCH - HQ_CEDARS,325274,199,199,-100
01/29/2017 20:00,SCH - HQ_IMPORT_EXPORT,325376,1196,1310,-9999
01/29/2017 20:00,SCH - NE - NY,23318,-1087.6,1400,-1600
01/29/2017 20:00,SCH - NPX_1385,325277,29,200,-200
01/29/2017 20:00,SCH - NPX_CSC,325154,0,330,-330
01/29/2017 20:00,SCH - OH - NY,23317,862.04,1500,-1900
01/29/2017 20:00,SCH - PJ - NY,23316,1429.86,2200,-1450
01/29/2017 20:00,SCH - PJM_HTP,325905,0,0,0
01/29/2017 20:00,SCH - PJM_NEPTUNE,325305,660,660,-660
01/29/2017 20:00,SCH - PJM_VFT,325658,315,315,-315
01/29/2017 20:00,SPR/DUN-SOUTH,23320,1701.93,4600,-9999
01/29/2017 20:00,TOTAL EAST,23314,4603.67,6500,-9999
01/29/2017 20:00,UPNY CONED,23315,1311.67,5100,-9999
01/29/2017 20:00,WEST CENTRAL,23312,1064,9999,-9999
01/29/2017 20:05,CENTRAL EAST - VC,23330,2109.38,2445,-9999
01/29/2017 20:05,DYSINGER EAST,23326,1622.79,3150,-9999
01/29/2017 20:05,MOSES SOUTH,23319,1856.09,3150,-1600
01/29/2017 20:05,SCH - HQ - NY,23324,1500,1500,-1000
01/29/2017 20:05,SCH - HQ_CEDARS,325274,199,199,-100
01/29/2017 20:05,SCH - HQ_IMPORT_EXPORT,325376,1196,1310,-9999
01/29/2017 20:05,SCH - NE - NY,23318,-1068.61,1400,-1600
01/29/2017 20:05,SCH - NPX_1385,325277,59,200,-200
01/29/2017 20:05,SCH - NPX_CSC,325154,0,330,-330
01/29/2017 20:05,SCH - OH - NY,23317,882.06,1500,-1900
01/29/2017 20:05,SCH - PJ - NY,23316,1308.61,2200,-1450
01/29/2017 20:05,SCH - PJM_HTP,325905,0,0,0
01/29/2017 20:05,SCH - PJM_NEPTUNE,325305,660,660,-660
01/29/2017 20:05,SCH - PJM_VFT,325658,315,315,-315
01/29/2017 20:05,SPR/DUN-SOUTH,23320,1620.09,4600,-9999
01/29/2017 20:05,TOTAL EAST,23314,4477,6500,-9999
01/29/2017 20:05,UPNY CONED,23315,1211.58,5100,-9999
01/29/2017 20:05,WEST CENTRAL,23312,1037.2,9999,-9999
01/29/2017 20:10,CENTRAL EAST - VC,23330,2065.31,2445,-9999
01/29/2017 20:10,DYSINGER EAST,23326,1606.4,3150,-9999
01/29/2017 20:10,MOSES SOUTH,23319,1877.99,3150,-1600
01/29/2017 20:10,SCH - HQ - NY,23324,1500,1500,-1000
01/29/2017 20:10,SCH - HQ_CEDARS,325274,199,199,-100
01/29/2017 20:10,SCH - HQ_IMPORT_EXPORT,325376,1196,1310,-9999
01/29/2017 20:10,SCH - NE - NY,23318,-1068.9,1400,-1600
01/29/2017 20:10,SCH - NPX_1385,325277,59,200,-200
01/29/2017 20:10,SCH - NPX_CSC,325154,0,330,-330
01/29/2017 20:10,SCH - OH - NY,23317,882.58,1500,-1900
01/29/2017 20:10,SCH - PJ - NY,23316,1302.26,2200,-1450
01/29/2017 20:10,SCH - PJM_HTP,325905,0,0,0
01/29/2017 20:10,SCH - PJM_NEPTUNE,325305,660,660,-660
01/29/2017 20:10,SCH - PJM_VFT,325658,315,315,-315
01/29/2017 20:10,SPR/DUN-SOUTH,23320,1592.87,4600,-9999
01/29/2017 20:10,TOTAL EAST,23314,4424.77,6500,-9999
01/29/2017 20:10,UPNY CONED,23315,1187.97,5100,-9999
01/29/2017 20:10,WEST CENTRAL,23312,1024.73,9999,-9999
01/29/2017 20:15,CENTRAL EAST - VC,23330,2067.13,2445,-9999
01/29/2017 20:15,DYSINGER EAST,23326,1622.05,3150,-9999
01/29/2017 20:15,MOSES SOUTH,23319,1824.54,3150,-1600
01/29/2017 20:15,SCH - HQ - NY,23324,1500,1500,-1000
01/29/2017 20:15,SCH - HQ_CEDARS,325274,199,199,-100
01/29/2017 20:15,SCH - HQ_IMPORT_EXPORT,325376,1196,1310,-9999
01/29/2017 20:15,SCH - NE - NY,23318,-1052.9,1400,-1600
01/29/2017 20:15,SCH - NPX_1385,325277,59,200,-200
01/29/2017 20:15,SCH - NPX_CSC,325154,0,330,-330
01/29/2017 20:15,SCH - OH - NY,23317,882.71,1500,-1900
01/29/2017 20:15,SCH - PJ - NY,23316,1305.01,2200,-1450
01/29/2017 20:15,SCH - PJM_HTP,325905,0,0,0
01/29/2017 20:15,SCH - PJM_NEPTUNE,325305,660,660,-660
01/29/2017 20:15,SCH - PJM_VFT,325658,315,315,-315
01/29/2017 20:15,SPR/DUN-SOUTH,23320,1621.9,4600,-9999
01/29/2017 20:15,TOTAL EAST,23314,4395.76,6500,-9999
01/29/2017 20:15,UPNY CONED,23315,1225.33,5100,-9999
01/29/2017 20:15,WEST CENTRAL,23312,1036.58,9999,-9999
01/29/2017 20:20,CENTRAL EAST - VC,23330,2082.84,2445,-9999
01/29/2017 20:20,DYSINGER EAST,23326,1618.31,3150,-9999
01/29/2017 20:20,MOSES SOUTH,23319,1815.72,3150,-1600
01/29/2017 20:20,SCH - HQ - NY,23324,1500,1500,-1000
01/29/2017 20:20,SCH - HQ_CEDARS,325274,199,199,-100
01/29/2017 20:20,SCH - HQ_IMPORT_EXPORT,325376,1196,1310,-9999
01/29/2017 20:20,SCH - NE - NY,23318,-1036.65,1400,-1600
01/29/2017 20:20,SCH - NPX_1385,325277,59,200,-200
01/29/2017 20:20,SCH - NPX_CSC,325154,0,330,-330
01/29/2017 20:20,SCH - OH - NY,23317,882.19,1500,-1900
01/29/2017 20:20,SCH - PJ - NY,23316,1304.46,2200,-1450
01/29/2017 20:20,SCH - PJM_HTP,325905,0,0,0
01/29/2017 20:20,SCH - PJM_NEPTUNE,325305,660,660,-660
01/29/2017 20:20,SCH - PJM_VFT,325658,315,315,-315
01/29/2017 20:20,SPR/DUN-SOUTH,23320,1644.86,4600,-9999
01/29/2017 20:20,TOTAL EAST,23314,4378.01,6500,-9999
01/29/2017 20:20,UPNY CONED,23315,1266.9,5100,-9999
01/29/2017 20:20,WEST CENTRAL,23312,1032.66,9999,-9999
01/29/2017 20:25,CENTRAL EAST - VC,23330,2036.02,2445,-9999
01/29/2017 20:25,DYSINGER EAST,23326,1581.05,3150,-9999
01/29/2017 20:25,MOSES SOUTH,23319,1793.19,3150,-1600
01/29/2017 20:25,SCH - HQ - NY,23324,1500,1500,-1000
01/29/2017 20:25,SCH - HQ_CEDARS,325274,199,199,-100
01/29/2017 20:25,SCH - HQ_IMPORT_EXPORT,325376,1196,1310,-9999
01/29/2017 20:25,SCH - NE - NY,23318,-1036.68,1400,-1600
01/29/2017 20:25,SCH - NPX_1385,325277,59,200,-200
01/29/2017 20:25,SCH - NPX_CSC,325154,0,330,-330
01/29/2017 20:25,SCH - OH - NY,23317,882.2,1500,-1900
01/29/2017 20:25,SCH - PJ - NY,23316,1304.11,2200,-1450
01/29/2017 20:25,SCH - PJM_HTP,325905,0,0,0
01/29/2017 20:25,SCH - PJM_NEPTUNE,325305,660,660,-660
01/29/2017 20:25,SCH - PJM_VFT,325658,315,315,-315
01/29/2017 20:25,SPR/DUN-SOUTH,23320,1588.92,4600,-9999
01/29/2017 20:25,TOTAL EAST,23314,4377.34,6500,-9999
01/29/2017 20:25,UPNY CONED,23315,1229.92,5100,-9999
01/29/2017 20:25,WEST CENTRAL,23312,1000.76,9999,-9999
01/29/2017 20:30,CENTRAL EAST - VC,23330,2087.88,2445,-9999
01/29/2017 20:30,DYSINGER EAST,23326,1611.01,3150,-9999
01/29/2017 20:30,MOSES SOUTH,23319,1791.07,3150,-1600
01/29/2017 20:30,SCH - HQ - NY,23324,1500,1500,-1000
01/29/2017 20:30,SCH - HQ_CEDARS,325274,199,199,-100
01/29/2017 20:30,SCH - HQ_IMPORT_EXPORT,325376,1196,1310,-9999
01/29/2017 20:30,SCH - NE - NY,23318,-1036.67,1400,-1600
01/29/2017 20:30,SCH - NPX_1385,325277,59,200,-200
01/29/2017 20:30,SCH - NPX_CSC,325154,0,330,-330
01/29/2017 20:30,SCH - OH - NY,23317,882.19,1500,-1900
01/29/2017 20:30,SCH - PJ - NY,23316,1306.04,2200,-1450
01/29/2017 20:30,SCH - PJM_HTP,325905,0,0,0
01/29/2017 20:30,SCH - PJM_NEPTUNE,325305,660,660,-660
01/29/2017 20:30,SCH - PJM_VFT,325658,315,315,-315
01/29/2017 20:30,SPR/DUN-SOUTH,23320,1658.61,4600,-9999
01/29/2017 20:30,TOTAL EAST,23314,4403.82,6500,-9999
01/29/2017 20:30,UPNY CONED,23315,1316.65,5100,-9999
01/29/2017 20:30,WEST CENTRAL,23312,1033.58,9999,-9999
01/29/2017 20:35,CENTRAL EAST - VC,23330,2096.67,2445,-9999
01/29/2017 20:35,DYSINGER EAST,23326,1630.32,3150,-9999
01/29/2017 20:35,MOSES SOUTH,23319,1818.65,3150,-1600
01/29/2017 20:35,SCH - HQ - NY,23324,1500,1500,-1000
01/29/2017 20:35,SCH - HQ_CEDARS,325274,199,199,-100
01/29/2017 20:35,SCH - HQ_IMPORT_EXPORT,325376,1196,1310,-9999
01/29/2017 20:35,SCH - NE - NY,23318,-1036.68,1400,-1600
01/29/2017 20:35,SCH - NPX_1385,325277,59,200,-200
01/29/2017 20:35,SCH - NPX_CSC,325154,0,330,-330
01/29/2017 20:35,SCH - OH - NY,23317,882.12,1500,-1900
01/29/2017 20:35,SCH - PJ - NY,23316,1303.28,2200,-1450
01/29/2017 20:35,SCH - PJM_HTP,325905,0,0,0
01/29/2017 20:35,SCH - PJM_NEPTUNE,325305,660,660,-660
01/29/2017 20:35,SCH - PJM_VFT,325658,315,315,-315
01/29/2017 20:35,SPR/DUN-SOUTH,23320,1688.52,4600,-9999
01/29/2017 20:35,TOTAL EAST,23314,4433.07,6500,-9999
01/29/2017 20:35,UPNY CONED,23315,1343.69,5100,-9999
01/29/2017 20:35,WEST CENTRAL,23312,1055.34,9999,-9999
01/29/2017 20:40,CENTRAL EAST - VC,23330,2133.78,2445,-9999
01/29/2017 20:40,DYSINGER EAST,23326,1652.98,3150,-9999
01/29/2017 20:40,MOSES SOUTH,23319,1809.49,3150,-1600
01/29/2017 20:40,SCH - HQ - NY,23324,1500,1500,-1000
01/29/2017 20:40,SCH - HQ_CEDARS,325274,199,199,-100
01/29/2017 20:40,SCH - HQ_IMPORT_EXPORT,325376,1196,1310,-9999
01/29/2017 20:40,SCH - NE - NY,23318,-1036.66,1400,-1600
01/29/2017 20:40,SCH - NPX_1385,325277,59,200,-200
01/29/2017 20:40,SCH - NPX_CSC,325154,0,330,-330
01/29/2017 20:40,SCH - OH - NY,23317,882.04,1500,-1900
01/29/2017 20:40,SCH - PJ - NY,23316,1305.01,2200,-1450
01/29/2017 20:40,SCH - PJM_HTP,325905,0,0,0
01/29/2017 20:40,SCH - PJM_NEPTUNE,325305,660,660,-660
01/29/2017 20:40,SCH - PJM_VFT,325658,315,315,-315
01/29/2017 20:40,SPR/DUN-SOUTH,23320,1798.21,4600,-9999
01/29/2017 20:40,TOTAL EAST,23314,4503.29,6500,-9999
01/29/2017 20:40,UPNY CONED,23315,1434.78,5100,-9999
01/29/2017 20:40,WEST CENTRAL,23312,1082,9999,-9999
01/29/2017 20:45,CENTRAL EAST - VC,23330,2125.55,2445,-9999
01/29/2017 20:45,DYSINGER EAST,23326,1651.77,3150,-9999
01/29/2017 20:45,MOSES SOUTH,23319,1810.67,3150,-1600
01/29/2017 20:45,SCH - HQ - NY,23324,1500,1500,-1000
01/29/2017 20:45,SCH - HQ_CEDARS,325274,199,199,-100
01/29/2017 20:45,SCH - HQ_IMPORT_EXPORT,325376,1196,1310,-9999
01/29/2017 20:45,SCH - NE - NY,23318,-1036.62,1400,-1600
01/29/2017 20:45,SCH - NPX_1385,325277,59,200,-200
01/29/2017 20:45,SCH - NPX_CSC,325154,0,330,-330
01/29/2017 20:45,SCH - OH - NY,23317,882.02,1500,-1900
01/29/2017 20:45,SCH - PJ - NY,23316,1305.79,2200,-1450
01/29/2017 20:45,SCH - PJM_HTP,325905,0,0,0
01/29/2017 20:45,SCH - PJM_NEPTUNE,325305,660,660,-660
01/29/2017 20:45,SCH - PJM_VFT,325658,315,315,-315
01/29/2017 20:45,SPR/DUN-SOUTH,23320,1802.55,4600,-9999
01/29/2017 20:45,TOTAL EAST,23314,4507.46,6500,-9999
01/29/2017 20:45,UPNY CONED,23315,1428.81,5100,-9999
01/29/2017 20:45,WEST CENTRAL,23312,1087.73,9999,-9999
01/29/2017 20:50,CENTRAL EAST - VC,23330,2164.61,2445,-9999
01/29/2017 20:50,DYSINGER EAST,23326,1677.94,3150,-9999
01/29/2017 20:50,MOSES SOUTH,23319,1818.76,3150,-1600
01/29/2017 20:50,SCH - HQ - NY,23324,1500,1500,-1000
01/29/2017 20:50,SCH - HQ_CEDARS,325274,199,199,-100
01/29/2017 20:50,SCH - HQ_IMPORT_EXPORT,325376,1196,1310,-9999
01/29/2017 20:50,SCH - NE - NY,23318,-1036.58,1400,-1600
01/29/2017 20:50,SCH - NPX_1385,325277,59,200,-200
01/29/2017 20:50,SCH - NPX_CSC,325154,0,330,-330
01/29/2017 20:50,SCH - OH - NY,23317,882.07,1500,-1900
01/29/2017 20:50,SCH - PJ - NY,23316,1305.32,2200,-1450
01/29/2017 20:50,SCH - PJM_HTP,325905,0,0,0
01/29/2017 20:50,SCH - PJM_NEPTUNE,325305,660,660,-660
01/29/2017 20:50,SCH - PJM_VFT,325658,315,315,-315
01/29/2017 20:50,SPR/DUN-SOUTH,23320,1857.42,4600,-9999
01/29/2017 20:50,TOTAL EAST,23314,4490.3,6500,-9999
01/29/2017 20:50,UPNY CONED,23315,1473.01,5100,-9999
01/29/2017 20:50,WEST CENTRAL,23312,1118.67,9999,-9999
01/29/2017 20:55,CENTRAL EAST - VC,23330,2206.98,2445,-9999
01/29/2017 20:55,DYSINGER EAST,23326,1702.5,3150,-9999
01/29/2017 20:55,MOSES SOUTH,23319,1864.51,3150,-1600
01/29/2017 20:55,SCH - HQ - NY,23324,1500,1500,-1000
01/29/2017 20:55,SCH - HQ_CEDARS,325274,199,199,-100
01/29/2017 20:55,SCH - HQ_IMPORT_EXPORT,325376,1196,1310,-9999
01/29/2017 20:55,SCH - NE - NY,23318,-1036.58,1400,-1600
01/29/2017 20:55,SCH - NPX_1385,325277,59,200,-200
01/29/2017 20:55,SCH - NPX_CSC,325154,0,330,-330
01/29/2017 20:55,SCH - OH - NY,23317,882.13,1500,-1900
01/29/2017 20:55,SCH - PJ - NY,23316,1302.96,2200,-1450
01/29/2017 20:55,SCH - PJM_HTP,325905,0,0,0
01/29/2017 20:55,SCH - PJM_NEPTUNE,325305,660,660,-660
01/29/2017 20:55,SCH - PJM_VFT,325658,315,315,-315
01/29/2017 20:55,SPR/DUN-SOUTH,23320,1908.91,4600,-9999
01/29/2017 20:55,TOTAL EAST,23314,4479.44,6500,-9999
01/29/2017 20:55,UPNY CONED,23315,1517.78,5100,-9999
01/29/2017 20:55,WEST CENTRAL,23312,1149.25,9999,-9999
01/29/2017 21:00,CENTRAL EAST - VC,23330,2115.17,2445,-9999
01/29/2017 21:00,DYSINGER EAST,23326,1677.57,3150,-9999
01/29/2017 21:00,MOSES SOUTH,23319,1783.54,3150,-1600
01/29/2017 21:00,SCH - HQ - NY,23324,1500,1500,-1000
01/29/2017 21:00,SCH - HQ_CEDARS,325274,199,199,-100
01/29/2017 21:00,SCH - HQ_IMPORT_EXPORT,325376,1196,1310,-9999
01/29/2017 21:00,SCH - NE - NY,23318,-1075.56,1400,-1600
01/29/2017 21:00,SCH - NPX_1385,325277,92,200,-200
01/29/2017 21:00,SCH - NPX_CSC,325154,0,330,-330
01/29/2017 21:00,SCH - OH - NY,23317,907.03,1500,-1900
01/29/2017 21:00,SCH - PJ - NY,23316,1243.15,2200,-1450
01/29/2017 21:00,SCH - PJM_HTP,325905,0,0,0
01/29/2017 21:00,SCH - PJM_NEPTUNE,325305,660,660,-660
01/29/2017 21:00,SCH - PJM_VFT,325658,315,315,-315
01/29/2017 21:00,SPR/DUN-SOUTH,23320,1662.74,4600,-9999
01/29/2017 21:00,TOTAL EAST,23314,4360.21,6500,-9999
01/29/2017 21:00,UPNY CONED,23315,1310.82,5100,-9999
01/29/2017 21:00,WEST CENTRAL,23312,1130.91,9999,-9999
01/29/2017 21:05,CENTRAL EAST - VC,23330,2106.88,2445,-9999
01/29/2017 21:05,DYSINGER EAST,23326,1660.78,3150,-9999
01/29/2017 21:05,MOSES SOUTH,23319,1793.25,3150,-1600
01/29/2017 21:05,SCH - HQ - NY,23324,1500,1500,-1000
01/29/2017 21:05,SCH - HQ_CEDARS,325274,199,199,-100
01/29/2017 21:05,SCH - HQ_IMPORT_EXPORT,325376,1196,1310,-9999
01/29/2017 21:05,SCH - NE - NY,23318,-1114.85,1400,-1600
01/29/2017 21:05,SCH - NPX_1385,325277,125,200,-200
01/29/2017 21:05,SCH - NPX_CSC,325154,0,330,-330
01/29/2017 21:05,SCH - OH - NY,23317,932.43,1500,-1900
01/29/2017 21:05,SCH - PJ - NY,23316,1183.44,2200,-1450
01/29/2017 21:05,SCH - PJM_HTP,325905,0,0,0
01/29/2017 21:05,SCH - PJM_NEPTUNE,325305,660,660,-660
01/29/2017 21:05,SCH - PJM_VFT,325658,315,315,-315
01/29/2017 21:05,SPR/DUN-SOUTH,23320,1644.7,4600,-9999
01/29/2017 21:05,TOTAL EAST,23314,4382.34,6500,-9999
01/29/2017 21:05,UPNY CONED,23315,1283.92,5100,-9999
01/29/2017 21:05,WEST CENTRAL,23312,1122.15,9999,-9999
01/29/2017 21:10,CENTRAL EAST - VC,23330,2113.31,2445,-9999
01/29/2017 21:10,DYSINGER EAST,23326,1655.06,3150,-9999
01/29/2017 21:10,MOSES SOUTH,23319,1814.93,3150,-1600
01/29/2017 21:10,SCH - HQ - NY,23324,1500,1500,-1000
01/29/2017 21:10,SCH - HQ_CEDARS,325274,199,199,-100
01/29/2017 21:10,SCH - HQ_IMPORT_EXPORT,325376,1196,1310,-9999
01/29/2017 21:10,SCH - NE - NY,23318,-1114.86,1400,-1600
01/29/2017 21:10,SCH - NPX_1385,325277,125,200,-200
01/29/2017 21:10,SCH - NPX_CSC,325154,0,330,-330
01/29/2017 21:10,SCH - OH - NY,23317,932.51,1500,-1900
01/29/2017 21:10,SCH - PJ - NY,23316,1182.51,2200,-1450
01/29/2017 21:10,SCH - PJM_HTP,325905,0,0,0
01/29/2017 21:10,SCH - PJM_NEPTUNE,325305,660,660,-660
01/29/2017 21:10,SCH - PJM_VFT,325658,315,315,-315
01/29/2017 21:10,SPR/DUN-SOUTH,23320,1684.59,4600,-9999
01/29/2017 21:10,TOTAL EAST,23314,4380.54,6500,-9999
01/29/2017 21:10,UPNY CONED,23315,1327.31,5100,-9999
01/29/2017 21:10,WEST CENTRAL,23312,1121.58,9999,-9999
01/29/2017 21:15,CENTRAL EAST - VC,23330,2149.74,2445,-9999
01/29/2017 21:15,DYSINGER EAST,23326,1697.31,3150,-9999
01/29/2017 21:15,MOSES SOUTH,23319,1802.49,3150,-1600
01/29/2017 21:15,SCH - HQ - NY,23324,1500,1500,-1000
01/29/2017 21:15,SCH - HQ_CEDARS,325274,199,199,-100
01/29/2017 21:15,SCH - HQ_IMPORT_EXPORT,325376,1196,1310,-9999
01/29/2017 21:15,SCH - NE - NY,23318,-1114.47,1400,-1600
01/29/2017 21:15,SCH - NPX_1385,325277,125,200,-200
01/29/2017 21:15,SCH - NPX_CSC,325154,0,330,-330
01/29/2017 21:15,SCH - OH - NY,23317,931.99,1500,-1900
01/29/2017 21:15,SCH - PJ - NY,23316,1170.48,2200,-1450
01/29/2017 21:15,SCH - PJM_HTP,325905,0,0,0
01/29/2017 21:15,SCH - PJM_NEPTUNE,325305,660,660,-660
01/29/2017 21:15,SCH - PJM_VFT,325658,315,315,-315
01/29/2017 21:15,SPR/DUN-SOUTH,23320,1684.37,4600,-9999
01/29/2017 21:15,TOTAL EAST,23314,4354.95,6500,-9999
01/29/2017 21:15,UPNY CONED,23315,1337.71,5100,-9999
01/29/2017 21:15,WEST CENTRAL,23312,1165.26,9999,-9999
01/29/2017 21:20,CENTRAL EAST - VC,23330,2144.83,2445,-9999
01/29/2017 21:20,DYSINGER EAST,23326,1681.72,3150,-9999
01/29/2017 21:20,MOSES SOUTH,23319,1790.78,3150,-1600
01/29/2017 21:20,SCH - HQ - NY,23324,1500,1500,-1000
01/29/2017 21:20,SCH - HQ_CEDARS,325274,199,199,-100
01/29/2017 21:20,SCH - HQ_IMPORT_EXPORT,325376,1196,1310,-9999
01/29/2017 21:20,SCH - NE - NY,23318,-1114.45,1400,-1600
01/29/2017 21:20,SCH - NPX_1385,325277,125,200,-200
01/29/2017 21:20,SCH - NPX_CSC,325154,0,330,-330
01/29/2017 21:20,SCH - OH - NY,23317,932.06,1500,-1900
01/29/2017 21:20,SCH - PJ - NY,23316,1157.51,2200,-1450
01/29/2017 21:20,SCH - PJM_HTP,325905,0,0,0
01/29/2017 21:20,SCH - PJM_NEPTUNE,325305,660,660,-660
01/29/2017 21:20,SCH - PJM_VFT,325658,315,315,-315
01/29/2017 21:20,SPR/DUN-SOUTH,23320,1697.98,4600,-9999
01/29/2017 21:20,TOTAL EAST,23314,4356.38,6500,-9999
01/29/2017 21:20,UPNY CONED,23315,1333.87,5100,-9999
01/29/2017 21:20,WEST CENTRAL,23312,1153.11,9999,-9999
01/29/2017 21:25,CENTRAL EAST - VC,23330,2126.71,2445,-9999
01/29/2017 21:25,DYSINGER EAST,23326,1676.53,3150,-9999
01/29/2017 21:25,MOSES SOUTH,23319,1792.99,3150,-1600
01/29/2017 21:25,SCH - HQ - NY,23324,1500,1500,-1000
01/29/2017 21:25,SCH - HQ_CEDARS,325274,199,199,-100
01/29/2017 21:25,SCH - HQ_IMPORT_EXPORT,325376,1196,1310,-9999
01/29/2017 21:25,SCH - NE - NY,23318,-1114.5,1400,-1600
01/29/2017 21:25,SCH - NPX_1385,325277,125,200,-200
01/29/2017 21:25,SCH - NPX_CSC,325154,0,330,-330
01/29/2017 21:25,SCH - OH - NY,23317,932.03,1500,-1900
01/29/2017 21:25,SCH - PJ - NY,23316,1160.68,2200,-1450
01/29/2017 21:25,SCH - PJM_HTP,325905,0,0,0
01/29/2017 21:25,SCH - PJM_NEPTUNE,325305,660,660,-660
01/29/2017 21:25,SCH - PJM_VFT,325658,315,315,-315
01/29/2017 21:25,SPR/DUN-SOUTH,23320,1728.64,4600,-9999
01/29/2017 21:25,TOTAL EAST,23314,4378.3,6500,-9999
01/29/2017 21:25,UPNY CONED,23315,1350.33,5100,-9999
01/29/2017 21:25,WEST CENTRAL,23312,1154.31,9999,-9999
01/29/2017 21:30,CENTRAL EAST - VC,23330,2121.38,2445,-9999
01/29/2017 21:30,DYSINGER EAST,23326,1678.69,3150,-9999
01/29/2017 21:30,MOSES SOUTH,23319,1796.46,3150,-1600
01/29/2017 21:30,SCH - HQ - NY,23324,1500,1500,-1000
01/29/2017 21:30,SCH - HQ_CEDARS,325274,199,199,-100
01/29/2017 21:30,SCH - HQ_IMPORT_EXPORT,325376,1196,1310,-9999
01/29/2017 21:30,SCH - NE - NY,23318,-1051.54,1400,-1600
01/29/2017 21:30,SCH - NPX_1385,325277,125,200,-200
01/29/2017 21:30,SCH - NPX_CSC,325154,0,330,-330
01/29/2017 21:30,SCH - OH - NY,23317,932.02,1500,-1900
01/29/2017 21:30,SCH - PJ - NY,23316,1147.17,2200,-1450
01/29/2017 21:30,SCH - PJM_HTP,325905,0,0,0
01/29/2017 21:30,SCH - PJM_NEPTUNE,325305,660,660,-660
01/29/2017 21:30,SCH - PJM_VFT,325658,315,315,-315
01/29/2017 21:30,SPR/DUN-SOUTH,23320,1807.77,4600,-9999
01/29/2017 21:30,TOTAL EAST,23314,4371.19,6500,-9999
01/29/2017 21:30,UPNY CONED,23315,1417.82,5100,-9999
01/29/2017 21:30,WEST CENTRAL,23312,1161.29,9999,-9999
01/29/2017 21:35,CENTRAL EAST - VC,23330,2087.17,2445,-9999
01/29/2017 21:35,DYSINGER EAST,23326,1692.91,3150,-9999
01/29/2017 21:35,MOSES SOUTH,23319,1780.67,3150,-1600
01/29/2017 21:35,SCH - HQ - NY,23324,1500,1500,-1000
01/29/2017 21:35,SCH - HQ_CEDARS,325274,199,199,-100
01/29/2017 21:35,SCH - HQ_IMPORT_EXPORT,325376,1196,1310,-9999
01/29/2017 21:35,SCH - NE - NY,23318,-989.59,1400,-1600
01/29/2017 21:35,SCH - NPX_1385,325277,125,200,-200
01/29/2017 21:35,SCH - NPX_CSC,325154,0,330,-330
01/29/2017 21:35,SCH - OH - NY,23317,932.02,1500,-1900
01/29/2017 21:35,SCH - PJ - NY,23316,1134.02,2200,-1450
01/29/2017 21:35,SCH - PJM_HTP,325905,0,0,0
01/29/2017 21:35,SCH - PJM_NEPTUNE,325305,660,660,-660
01/29/2017 21:35,SCH - PJM_VFT,325658,315,315,-315
01/29/2017 21:35,SPR/DUN-SOUTH,23320,1825.58,4600,-9999
01/29/2017 21:35,TOTAL EAST,23314,4290.06,6500,-9999
01/29/2017 21:35,UPNY CONED,23315,1420.36,5100,-9999
01/29/2017 21:35,WEST CENTRAL,23312,1179.69,9999,-9999
01/29/2017 21:40,CENTRAL EAST - VC,23330,2057.38,2445,-9999
01/29/2017 21:40,DYSINGER EAST,23326,1664.02,3150,-9999
01/29/2017 21:40,MOSES SOUTH,23319,1808.57,3150,-1600
01/29/2017 21:40,SCH - HQ - NY,23324,1500,1500,-1000
01/29/2017 21:40,SCH - HQ_CEDARS,325274,199,199,-100
01/29/2017 21:40,SCH - HQ_IMPORT_EXPORT,325376,1196,1310,-9999
01/29/2017 21:40,SCH - NE - NY,23318,-989.9,1400,-1600
01/29/2017 21:40,SCH - NPX_1385,325277,125,200,-200
01/29/2017 21:40,SCH - NPX_CSC,325154,0,330,-330
01/29/2017 21:40,SCH - OH - NY,23317,932.41,1500,-1900
01/29/2017 21:40,SCH - PJ - NY,23316,1134.26,2200,-1450
01/29/2017 21:40,SCH - PJM_HTP,325905,0,0,0
01/29/2017 21:40,SCH - PJM_NEPTUNE,325305,660,660,-660
01/29/2017 21:40,SCH - PJM_VFT,325658,315,315,-315
01/29/2017 21:40,SPR/DUN-SOUTH,23320,1785.64,4600,-9999
01/29/2017 21:40,TOTAL EAST,23314,4272.94,6500,-9999
01/29/2017 21:40,UPNY CONED,23315,1353.26,5100,-9999
01/29/2017 21:40,WEST CENTRAL,23312,1158.02,9999,-9999
01/29/2017 21:45,CENTRAL EAST - VC,23330,2080.19,2445,-9999
01/29/2017 21:45,DYSINGER EAST,23326,1692.27,3150,-9999
01/29/2017 21:45,MOSES SOUTH,23319,1800.1,3150,-1600
01/29/2017 21:45,SCH - HQ - NY,23324,1500,1500,-1000
01/29/2017 21:45,SCH - HQ_CEDARS,325274,199,199,-100
01/29/2017 21:45,SCH - HQ_IMPORT_EXPORT,325376,1196,1310,-9999
01/29/2017 21:45,SCH - NE - NY,23318,-989.59,1400,-1600
01/29/2017 21:45,SCH - NPX_1385,325277,125,200,-200
01/29/2017 21:45,SCH - NPX_CSC,325154,0,330,-330
01/29/2017 21:45,SCH - OH - NY,23317,931.98,1500,-1900
01/29/2017 21:45,SCH - PJ - NY,23316,1148.25,2200,-1450
01/29/2017 21:45,SCH - PJM_HTP,325905,0,0,0
01/29/2017 21:45,SCH - PJM_NEPTUNE,325305,660,660,-660
01/29/2017 21:45,SCH - PJM_VFT,325658,315,315,-315
01/29/2017 21:45,SPR/DUN-SOUTH,23320,1798.06,4600,-9999
01/29/2017 21:45,TOTAL EAST,23314,4294.91,6500,-9999
01/29/2017 21:45,UPNY CONED,23315,1349.43,5100,-9999
01/29/2017 21:45,WEST CENTRAL,23312,1192.36,9999,-9999
01/29/2017 21:50,CENTRAL EAST - VC,23330,2100.96,2445,-9999
01/29/2017 21:50,DYSINGER EAST,23326,1687.24,3150,-9999
01/29/2017 21:50,MOSES SOUTH,23319,1805.77,3150,-1600
01/29/2017 21:50,SCH - HQ - NY,23324,1500,1500,-1000
01/29/2017 21:50,SCH - HQ_CEDARS,325274,199,199,-100
01/29/2017 21:50,SCH - HQ_IMPORT_EXPORT,325376,1196,1310,-9999
01/29/2017 21:50,SCH - NE - NY,23318,-989.57,1400,-1600
01/29/2017 21:50,SCH - NPX_1385,325277,125,200,-200
01/29/2017 21:50,SCH - NPX_CSC,325154,0,330,-330
01/29/2017 21:50,SCH - OH - NY,23317,931.98,1500,-1900
01/29/2017 21:50,SCH - PJ - NY,23316,1158.16,2200,-1450
01/29/2017 21:50,SCH - PJM_HTP,325905,0,0,0
01/29/2017 21:50,SCH - PJM_NEPTUNE,325305,660,660,-660
01/29/2017 21:50,SCH - PJM_VFT,325658,315,315,-315
01/29/2017 21:50,SPR/DUN-SOUTH,23320,1843.17,4600,-9999
01/29/2017 21:50,TOTAL EAST,23314,4281.79,6500,-9999
01/29/2017 21:50,UPNY CONED,23315,1386.7,5100,-9999
01/29/2017 21:50,WEST CENTRAL,23312,1195.45,9999,-9999
01/29/2017 21:55,CENTRAL EAST - VC,23330,2117.32,2445,-9999
01/29/2017 21:55,DYSINGER EAST,23326,1665.21,3150,-9999
01/29/2017 21:55,MOSES SOUTH,23319,1798.17,3150,-1600
01/29/2017 21:55,SCH - HQ - NY,23324,1500,1500,-1000
01/29/2017 21:55,SCH - HQ_CEDARS,325274,199,199,-100
01/29/2017 21:55,SCH - HQ_IMPORT_EXPORT,325376,1196,1310,-9999
01/29/2017 21:55,SCH - NE - NY,23318,-989.53,1400,-1600
01/29/2017 21:55,SCH - NPX_1385,325277,125,200,-200
01/29/2017 21:55,SCH - NPX_CSC,325154,0,330,-330
01/29/2017 21:55,SCH - OH - NY,23317,932.05,1500,-1900
01/29/2017 21:55,SCH - PJ - NY,23316,1158.55,2200,-1450
01/29/2017 21:55,SCH - PJM_HTP,325905,0,0,0
01/29/2017 21:55,SCH - PJM_NEPTUNE,325305,660,660,-660
01/29/2017 21:55,SCH - PJM_VFT,325658,315,315,-315
01/29/2017 21:55,SPR/DUN-SOUTH,23320,1865.78,4600,-9999
01/29/2017 21:55,TOTAL EAST,23314,4318.71,6500,-9999
01/29/2017 21:55,UPNY CONED,23315,1403.33,5100,-9999
01/29/2017 21:55,WEST CENTRAL,23312,1182.99,9999,-9999
01/29/2017 22:00,CENTRAL EAST - VC,23330,2157.26,2445,-9999
01/29/2017 22:00,DYSINGER EAST,23326,1691.85,3150,-9999
01/29/2017 22:00,MOSES SOUTH,23319,1805.21,3150,-1600
01/29/2017 22:00,SCH - HQ - NY,23324,1500,1500,-1000
01/29/2017 22:00,SCH - HQ_CEDARS,325274,199,199,-100
01/29/2017 22:00,SCH - HQ_IMPORT_EXPORT,325376,1196,1310,-9999
01/29/2017 22:00,SCH - NE - NY,23318,-905.58,1400,-1600
01/29/2017 22:00,SCH - NPX_1385,325277,62,200,-200
01/29/2017 22:00,SCH - NPX_CSC,325154,0,330,-330
01/29/2017 22:00,SCH - OH - NY,23317,954.95,1500,-1900
01/29/2017 22:00,SCH - PJ - NY,23316,1107.84,2200,-1450
01/29/2017 22:00,SCH - PJM_HTP,325905,0,0,0
01/29/2017 22:00,SCH - PJM_NEPTUNE,325305,660,660,-660
01/29/2017 22:00,SCH - PJM_VFT,325658,315,315,-315
01/29/2017 22:00,SPR/DUN-SOUTH,23320,1879.68,4600,-9999
01/29/2017 22:00,TOTAL EAST,23314,4376.03,6500,-9999
01/29/2017 22:00,UPNY CONED,23315,1509.96,5100,-9999
01/29/2017 22:00,WEST CENTRAL,23312,1213.71,9999,-9999
01/29/2017 22:05,CENTRAL EAST - VC,23330,2209.29,2445,-9999
01/29/2017 22:05,DYSINGER EAST,23326,1703.49,3150,-9999
01/29/2017 22:05,MOSES SOUTH,23319,1812.25,3150,-1600
01/29/2017 22:05,SCH - HQ - NY,23324,1500,1500,-1000
01/29/2017 22:05,SCH - HQ_CEDARS,325274,199,199,-100
01/29/2017 22:05,SCH - HQ_IMPORT_EXPORT,325376,1196,1310,-9999
01/29/2017 22:05,SCH - NE - NY,23318,-821.65,1400,-1600
01/29/2017 22:05,SCH - NPX_1385,325277,0,200,-200
01/29/2017 22:05,SCH - NPX_CSC,325154,0,330,-330
01/29/2017 22:05,SCH - OH - NY,23317,978.04,1500,-1900
01/29/2017 22:05,SCH - PJ - NY,23316,1059.43,2200,-1450
01/29/2017 22:05,SCH - PJM_HTP,325905,0,0,0
01/29/2017 22:05,SCH - PJM_NEPTUNE,325305,660,660,-660
01/29/2017 22:05,SCH - PJM_VFT,325658,315,315,-315
01/29/2017 22:05,SPR/DUN-SOUTH,23320,1985,4600,-9999
01/29/2017 22:05,TOTAL EAST,23314,4380.98,6500,-9999
01/29/2017 22:05,UPNY CONED,23315,1655.09,5100,-9999
01/29/2017 22:05,WEST CENTRAL,23312,1230.31,9999,-9999
01/29/2017 22:10,CENTRAL EAST - VC,23330,2199.24,2445,-9999
01/29/2017 22:10,DYSINGER EAST,23326,1660.56,3150,-9999
01/29/2017 22:10,MOSES SOUTH,23319,1831.06,3150,-1600
01/29/2017 22:10,SCH - HQ - NY,23324,1500,1500,-1000
01/29/2017 22:10,SCH - HQ_CEDARS,325274,199,199,-100
01/29/2017 22:10,SCH - HQ_IMPORT_EXPORT,325376,1196,1310,-9999
01/29/2017 22:10,SCH - NE - NY,23318,-821.63,1400,-1600
01/29/2017 22:10,SCH - NPX_1385,325277,0,200,-200
01/29/2017 22:10,SCH - NPX_CSC,325154,0,330,-330
01/29/2017 22:10,SCH - OH - NY,23317,978.03,1500,-1900
01/29/2017 22:10,SCH - PJ - NY,23316,1058.92,2200,-1450
01/29/2017 22:10,SCH - PJM_HTP,325905,0,0,0
01/29/2017 22:10,SCH - PJM_NEPTUNE,325305,660,660,-660
01/29/2017 22:10,SCH - PJM_VFT,325658,315,315,-315
01/29/2017 22:10,SPR/DUN-SOUTH,23320,1890.02,4600,-9999
01/29/2017 22:10,TOTAL EAST,23314,4412.21,6500,-9999
01/29/2017 22:10,UPNY CONED,23315,1536.54,5100,-9999
01/29/2017 22:10,WEST CENTRAL,23312,1200.32,9999,-9999
01/29/2017 22:15,CENTRAL EAST - VC,23330,2111.42,2445,-9999
01/29/2017 22:15,DYSINGER EAST,23326,1646.51,3150,-9999
01/29/2017 22:15,MOSES SOUTH,23319,1762.8,3150,-1600
01/29/2017 22:15,SCH - HQ - NY,23324,1500,1500,-1000
01/29/2017 22:15,SCH - HQ_CEDARS,325274,199,199,-100
01/29/2017 22:15,SCH - HQ_IMPORT_EXPORT,325376,1196,1310,-9999
01/29/2017 22:15,SCH - NE - NY,23318,-903.92,1400,-1600
01/29/2017 22:15,SCH - NPX_1385,325277,0,200,-200
01/29/2017 22:15,SCH - NPX_CSC,325154,0,330,-330
01/29/2017 22:15,SCH - OH - NY,23317,978.3,1500,-1900
01/29/2017 22:15,SCH - PJ - NY,23316,1057.93,2200,-1450
01/29/2017 22:15,SCH - PJM_HTP,325905,0,0,0
01/29/2017 22:15,SCH - PJM_NEPTUNE,325305,660,660,-660
01/29/2017 22:15,SCH - PJM_VFT,325658,315,315,-315
01/29/2017 22:15,SPR/DUN-SOUTH,23320,1749.88,4600,-9999
01/29/2017 22:15,TOTAL EAST,23314,4417.23,6500,-9999
01/29/2017 22:15,UPNY CONED,23315,1367.84,5100,-9999
01/29/2017 22:15,WEST CENTRAL,23312,1194.21,9999,-9999
01/29/2017 22:20,CENTRAL EAST - VC,23330,2156.19,2445,-9999
01/29/2017 22:20,DYSINGER EAST,23326,1658.34,3150,-9999
01/29/2017 22:20,MOSES SOUTH,23319,1777.16,3150,-1600
01/29/2017 22:20,SCH - HQ - NY,23324,1500,1500,-1000
01/29/2017 22:20,SCH - HQ_CEDARS,325274,199,199,-100
01/29/2017 22:20,SCH - HQ_IMPORT_EXPORT,325376,1196,1310,-9999
01/29/2017 22:20,SCH - NE - NY,23318,-985.59,1400,-1600
01/29/2017 22:20,SCH - NPX_1385,325277,0,200,-200
01/29/2017 22:20,SCH - NPX_CSC,325154,0,330,-330
01/29/2017 22:20,SCH - OH - NY,23317,977.94,1500,-1900
01/29/2017 22:20,SCH - PJ - NY,23316,1060.56,2200,-1450
01/29/2017 22:20,SCH - PJM_HTP,325905,0,0,0
01/29/2017 22:20,SCH - PJM_NEPTUNE,325305,660,660,-660
01/29/2017 22:20,SCH - PJM_VFT,325658,315,315,-315
01/29/2017 22:20,SPR/DUN-SOUTH,23320,1749.11,4600,-9999
01/29/2017 22:20,TOTAL EAST,23314,4441.72,6500,-9999
01/29/2017 22:20,UPNY CONED,23315,1351.48,5100,-9999
01/29/2017 22:20,WEST CENTRAL,23312,1209.4,9999,-9999
01/29/2017 22:25,CENTRAL EAST - VC,23330,2174.52,2445,-9999
01/29/2017 22:25,DYSINGER EAST,23326,1680.01,3150,-9999
01/29/2017 22:25,MOSES SOUTH,23319,1750.3,3150,-1600
01/29/2017 22:25,SCH - HQ - NY,23324,1500,1500,-1000
01/29/2017 22:25,SCH - HQ_CEDARS,325274,199,199,-100
01/29/2017 22:25,SCH - HQ_IMPORT_EXPORT,325376,1196,1310,-9999
01/29/2017 22:25,SCH - NE - NY,23318,-985.5,1400,-1600
01/29/2017 22:25,SCH - NPX_1385,325277,0,200,-200
01/29/2017 22:25,SCH - NPX_CSC,325154,0,330,-330
01/29/2017 22:25,SCH - OH - NY,23317,978,1500,-1900
01/29/2017 22:25,SCH - PJ - NY,23316,1057.32,2200,-1450
01/29/2017 22:25,SCH - PJM_HTP,325905,0,0,0
01/29/2017 22:25,SCH - PJM_NEPTUNE,325305,660,660,-660
01/29/2017 22:25,SCH - PJM_VFT,325658,315,315,-315
01/29/2017 22:25,SPR/DUN-SOUTH,23320,1783.96,4600,-9999
01/29/2017 22:25,TOTAL EAST,23314,4404.74,6500,-9999
01/29/2017 22:25,UPNY CONED,23315,1371.18,5100,-9999
01/29/2017 22:25,WEST CENTRAL,23312,1234.63,9999,-9999
01/29/2017 22:30,CENTRAL EAST - VC,23330,2164.99,2445,-9999
01/29/2017 22:30,DYSINGER EAST,23326,1643.04,3150,-9999
01/29/2017 22:30,MOSES SOUTH,23319,1743.49,3150,-1600
01/29/2017 22:30,SCH - HQ - NY,23324,1500,1500,-1000
01/29/2017 22:30,SCH - HQ_CEDARS,325274,199,199,-100
01/29/2017 22:30,SCH - HQ_IMPORT_EXPORT,325376,1196,1310,-9999
01/29/2017 22:30,SCH - NE - NY,23318,-1058.51,1400,-1600
01/29/2017 22:30,SCH - NPX_1385,325277,0,200,-200
01/29/2017 22:30,SCH - NPX_CSC,325154,0,330,-330
01/29/2017 22:30,SCH - OH - NY,23317,978.08,1500,-1900
01/29/2017 22:30,SCH - PJ - NY,23316,1014.19,2200,-1450
01/29/2017 22:30,SCH - PJM_HTP,325905,0,0,0
01/29/2017 22:30,SCH - PJM_NEPTUNE,325305,660,660,-660
01/29/2017 22:30,SCH - PJM_VFT,325658,315,315,-315
01/29/2017 22:30,SPR/DUN-SOUTH,23320,1753.88,4600,-9999
01/29/2017 22:30,TOTAL EAST,23314,4416,6500,-9999
01/29/2017 22:30,UPNY CONED,23315,1325.12,5100,-9999
01/29/2017 22:30,WEST CENTRAL,23312,1203.09,9999,-9999
01/29/2017 22:35,CENTRAL EAST - VC,23330,2189.81,2445,-9999
01/29/2017 22:35,DYSINGER EAST,23326,1666.14,3150,-9999
01/29/2017 22:35,MOSES SOUTH,23319,1739.7,3150,-1600
01/29/2017 22:35,SCH - HQ - NY,23324,1500,1500,-1000
01/29/2017 22:35,SCH - HQ_CEDARS,325274,199,199,-100
01/29/2017 22:35,SCH - HQ_IMPORT_EXPORT,325376,1196,1310,-9999
01/29/2017 22:35,SCH - NE - NY,23318,-1131.44,1400,-1600
01/29/2017 22:35,SCH - NPX_1385,325277,0,200,-200
01/29/2017 22:35,SCH - NPX_CSC,325154,0,330,-330
01/29/2017 22:35,SCH - OH - NY,23317,977.98,1500,-1900
01/29/2017 22:35,SCH - PJ - NY,23316,974.18,2200,-1450
01/29/2017 22:35,SCH - PJM_HTP,325905,0,0,0
01/29/2017 22:35,SCH - PJM_NEPTUNE,325305,660,660,-660
01/29/2017 22:35,SCH - PJM_VFT,325658,315,315,-315
01/29/2017 22:35,SPR/DUN-SOUTH,23320,1741.66,4600,-9999
01/29/2017 22:35,TOTAL EAST,23314,4420.59,6500,-9999
01/29/2017 22:35,UPNY CONED,23315,1281.89,5100,-9999
01/29/2017 22:35,WEST CENTRAL,23312,1230.47,9999,-9999
01/29/2017 22:40,CENTRAL EAST - VC,23330,2153.08,2445,-9999
01/29/2017 22:40,DYSINGER EAST,23326,1648.06,3150,-9999
01/29/2017 22:40,MOSES SOUTH,23319,1728.69,3150,-1600
01/29/2017 22:40,SCH - HQ - NY,23324,1500,1500,-1000
01/29/2017 22:40,SCH - HQ_CEDARS,325274,199,199,-100
01/29/2017 22:40,SCH - HQ_IMPORT_EXPORT,325376,1196,1310,-9999
01/29/2017 22:40,SCH - NE - NY,23318,-1131.41,1400,-1600
01/29/2017 22:40,SCH - NPX_1385,325277,0,200,-200
01/29/2017 22:40,SCH - NPX_CSC,325154,0,330,-330
01/29/2017 22:40,SCH - OH - NY,23317,978,1500,-1900
01/29/2017 22:40,SCH - PJ - NY,23316,973.58,2200,-1450
01/29/2017 22:40,SCH - PJM_HTP,325905,0,0,0
01/29/2017 22:40,SCH - PJM_NEPTUNE,325305,660,660,-660
01/29/2017 22:40,SCH - PJM_VFT,325658,315,315,-315
01/29/2017 22:40,SPR/DUN-SOUTH,23320,1717.82,4600,-9999
01/29/2017 22:40,TOTAL EAST,23314,4367.48,6500,-9999
01/29/2017 22:40,UPNY CONED,23315,1230.02,5100,-9999
01/29/2017 22:40,WEST CENTRAL,23312,1219.94,9999,-9999
01/29/2017 22:45,CENTRAL EAST - VC,23330,2142.2,2445,-9999
01/29/2017 22:45,DYSINGER EAST,23326,1600.6,3150,-9999
01/29/2017 22:45,MOSES SOUTH,23319,1720.13,3150,-1600
01/29/2017 22:45,SCH - HQ - NY,23324,1500,1500,-1000
01/29/2017 22:45,SCH - HQ_CEDARS,325274,199,199,-100
01/29/2017 22:45,SCH - HQ_IMPORT_EXPORT,325376,1196,1310,-9999
01/29/2017 22:45,SCH - NE - NY,23318,-1113.48,1400,-1600
01/29/2017 22:45,SCH - NPX_1385,325277,0,200,-200
01/29/2017 22:45,SCH - NPX_CSC,325154,0,330,-330
01/29/2017 22:45,SCH - OH - NY,23317,978.12,1500,-1900
01/29/2017 22:45,SCH - PJ - NY,23316,941.88,2200,-1450
01/29/2017 22:45,SCH - PJM_HTP,325905,0,0,0
01/29/2017 22:45,SCH - PJM_NEPTUNE,325305,660,660,-660
01/29/2017 22:45,SCH - PJM_VFT,325658,315,315,-315
01/29/2017 22:45,SPR/DUN-SOUTH,23320,1782.59,4600,-9999
01/29/2017 22:45,TOTAL EAST,23314,4353.12,6500,-9999
01/29/2017 22:45,UPNY CONED,23315,1273.75,5100,-9999
01/29/2017 22:45,WEST CENTRAL,23312,1182.08,9999,-9999
01/29/2017 22:50,CENTRAL EAST - VC,23330,2100.34,2445,-9999
01/29/2017 22:50,DYSINGER EAST,23326,1539.68,3150,-9999
01/29/2017 22:50,MOSES SOUTH,23319,1719.05,3150,-1600
01/29/2017 22:50,SCH - HQ - NY,23324,1500,1500,-1000
01/29/2017 22:50,SCH - HQ_CEDARS,325274,199,199,-100
01/29/2017 22:50,SCH - HQ_IMPORT_EXPORT,325376,1196,1310,-9999
01/29/2017 22:50,SCH - NE - NY,23318,-1095.54,1400,-1600
01/29/2017 22:50,SCH - NPX_1385,325277,0,200,-200
01/29/2017 22:50,SCH - NPX_CSC,325154,0,330,-330
01/29/2017 22:50,SCH - OH - NY,23317,978.12,1500,-1900
01/29/2017 22:50,SCH - PJ - NY,23316,906.51,2200,-1450
01/29/2017 22:50,SCH - PJM_HTP,325905,0,0,0
01/29/2017 22:50,SCH - PJM_NEPTUNE,325305,660,660,-660
01/29/2017 22:50,SCH - PJM_VFT,325658,315,315,-315
01/29/2017 22:50,SPR/DUN-SOUTH,23320,1736.26,4600,-9999
01/29/2017 22:50,TOTAL EAST,23314,4315.53,6500,-9999
01/29/2017 22:50,UPNY CONED,23315,1217.79,5100,-9999
01/29/2017 22:50,WEST CENTRAL,23312,1129.64,9999,-9999
01/29/2017 22:55,CENTRAL EAST - VC,23330,2081.51,2385,-9999
01/29/2017 22:55,DYSINGER EAST,23326,1518.06,3150,-9999
01/29/2017 22:55,MOSES SOUTH,23319,1718,3150,-1600
01/29/2017 22:55,SCH - HQ - NY,23324,1500,1500,-1000
01/29/2017 22:55,SCH - HQ_CEDARS,325274,199,199,-100
01/29/2017 22:55,SCH - HQ_IMPORT_EXPORT,325376,1196,1310,-9999
01/29/2017 22:55,SCH - NE - NY,23318,-1095.84,1400,-1600
01/29/2017 22:55,SCH - NPX_1385,325277,0,200,-200
01/29/2017 22:55,SCH - NPX_CSC,325154,0,330,-330
01/29/2017 22:55,SCH - OH - NY,23317,978.78,1500,-1900
01/29/2017 22:55,SCH - PJ - NY,23316,907.24,2200,-1450
01/29/2017 22:55,SCH - PJM_HTP,325905,0,0,0
01/29/2017 22:55,SCH - PJM_NEPTUNE,325305,660,660,-660
01/29/2017 22:55,SCH - PJM_VFT,325658,315,315,-315
01/29/2017 22:55,SPR/DUN-SOUTH,23320,1705.56,4600,-9999
01/29/2017 22:55,TOTAL EAST,23314,4292.48,6500,-9999
01/29/2017 22:55,UPNY CONED,23315,1174.58,5100,-9999
01/29/2017 22:55,WEST CENTRAL,23312,1115.97,9999,-9999
01/29/2017 23:00,CENTRAL EAST - VC,23330,2077.42,2385,-9999
01/29/2017 23:00,DYSINGER EAST,23326,1541.73,3150,-9999
01/29/2017 23:00,MOSES SOUTH,23319,1714.41,3150,-1600
01/29/2017 23:00,SCH - HQ - NY,23324,1500,1500,-1000
01/29/2017 23:00,SCH - HQ_CEDARS,325274,199,199,-100
01/29/2017 23:00,SCH - HQ_IMPORT_EXPORT,325376,1196,1310,-9999
01/29/2017 23:00,SCH - NE - NY,23318,-1148.47,1400,-1600
01/29/2017 23:00,SCH - NPX_1385,325277,0,200,-200
01/29/2017 23:00,SCH - NPX_CSC,325154,0,330,-330
01/29/2017 23:00,SCH - OH - NY,23317,957.15,1500,-1900
01/29/2017 23:00,SCH - PJ - NY,23316,937.43,2200,-1450
01/29/2017 23:00,SCH - PJM_HTP,325905,0,0,0
01/29/2017 23:00,SCH - PJM_NEPTUNE,325305,660,660,-660
01/29/2017 23:00,SCH - PJM_VFT,325658,315,315,-315
01/29/2017 23:00,SPR/DUN-SOUTH,23320,1674.69,4600,-9999
01/29/2017 23:00,TOTAL EAST,23314,4227.24,6500,-9999
01/29/2017 23:00,UPNY CONED,23315,1118.45,5100,-9999
01/29/2017 23:00,WEST CENTRAL,23312,1144.52,9999,-9999
01/29/2017 23:05,CENTRAL EAST - VC,23330,2067.96,2385,-9999
01/29/2017 23:05,DYSINGER EAST,23326,1575.56,3150,-9999
01/29/2017 23:05,MOSES SOUTH,23319,1719.04,3150,-1600
01/29/2017 23:05,SCH - HQ - NY,23324,1500,1500,-1000
01/29/2017 23:05,SCH - HQ_CEDARS,325274,199,199,-100
01/29/2017 23:05,SCH - HQ_IMPORT_EXPORT,325376,1196,1310,-9999
01/29/2017 23:05,SCH - NE - NY,23318,-1201.38,1400,-1600
01/29/2017 23:05,SCH - NPX_1385,325277,0,200,-200
01/29/2017 23:05,SCH - NPX_CSC,325154,0,330,-330
01/29/2017 23:05,SCH - OH - NY,23317,937.12,1500,-1900
01/29/2017 23:05,SCH - PJ - NY,23316,965.13,2200,-1450
01/29/2017 23:05,SCH - PJM_HTP,325905,0,0,0
01/29/2017 23:05,SCH - PJM_NEPTUNE,325305,660,660,-660
01/29/2017 23:05,SCH - PJM_VFT,325658,315,315,-315
01/29/2017 23:05,SPR/DUN-SOUTH,23320,1645.42,4600,-9999
01/29/2017 23:05,TOTAL EAST,23314,4156.25,6500,-9999
01/29/2017 23:05,UPNY CONED,23315,1071.98,5100,-9999
01/29/2017 23:05,WEST CENTRAL,23312,1182.74,9999,-9999
01/29/2017 23:10,CENTRAL EAST - VC,23330,2109.86,2385,-9999
01/29/2017 23:10,DYSINGER EAST,23326,1558.45,3150,-9999
01/29/2017 23:10,MOSES SOUTH,23319,1820.15,3150,-1600
01/29/2017 23:10,SCH - HQ - NY,23324,1500,1500,-1000
01/29/2017 23:10,SCH - HQ_CEDARS,325274,199,199,-100
01/29/2017 23:10,SCH - HQ_IMPORT_EXPORT,325376,1196,1310,-9999
01/29/2017 23:10,SCH - NE - NY,23318,-1201.34,1400,-1600
01/29/2017 23:10,SCH - NPX_1385,325277,0,200,-200
01/29/2017 23:10,SCH - NPX_CSC,325154,0,330,-330
01/29/2017 23:10,SCH - OH - NY,23317,937.27,1500,-1900
01/29/2017 23:10,SCH - PJ - NY,23316,963.12,2200,-1450
01/29/2017 23:10,SCH - PJM_HTP,325905,0,0,0
01/29/2017 23:10,SCH - PJM_NEPTUNE,325305,660,660,-660
01/29/2017 23:10,SCH - PJM_VFT,325658,315,315,-315
01/29/2017 23:10,SPR/DUN-SOUTH,23320,1672.7,4600,-9999
01/29/2017 23:10,TOTAL EAST,23314,4111.43,6500,-9999
01/29/2017 23:10,UPNY CONED,23315,1090.59,5100,-9999
01/29/2017 23:10,WEST CENTRAL,23312,1171.98,9999,-9999
01/29/2017 23:15,CENTRAL EAST - VC,23330,2010.29,2195,-9999
01/29/2017 23:15,DYSINGER EAST,23326,1595.77,3150,-9999
01/29/2017 23:15,MOSES SOUTH,23319,1780.28,3150,-1600
01/29/2017 23:15,SCH - HQ - NY,23324,1500,1500,-1000
01/29/2017 23:15,SCH - HQ_CEDARS,325274,199,199,-100
01/29/2017 23:15,SCH - HQ_IMPORT_EXPORT,325376,1196,1310,-9999
01/29/2017 23:15,SCH - NE - NY,23318,-1122.38,1400,-1600
01/29/2017 23:15,SCH - NPX_1385,325277,0,200,-200
01/29/2017 23:15,SCH - NPX_CSC,325154,0,330,-330
01/29/2017 23:15,SCH - OH - NY,23317,937.18,1500,-1900
01/29/2017 23:15,SCH - PJ - NY,23316,928.02,2200,-1450
01/29/2017 23:15,SCH - PJM_HTP,325905,0,0,0
01/29/2017 23:15,SCH - PJM_NEPTUNE,325305,660,660,-660
01/29/2017 23:15,SCH - PJM_VFT,325658,315,315,-315
01/29/2017 23:15,SPR/DUN-SOUTH,23320,1587.71,4600,-9999
01/29/2017 23:15,TOTAL EAST,23314,3941.3,6500,-9999
01/29/2017 23:15,UPNY CONED,23315,1010.95,5100,-9999
01/29/2017 23:15,WEST CENTRAL,23312,1213.69,9999,-9999
01/29/2017 23:20,CENTRAL EAST - VC,23330,1931.9,2195,-9999
01/29/2017 23:20,DYSINGER EAST,23326,1474.63,3150,-9999
01/29/2017 23:20,MOSES SOUTH,23319,1782.38,3150,-1600
01/29/2017 23:20,SCH - HQ - NY,23324,1500,1500,-1000
01/29/2017 23:20,SCH - HQ_CEDARS,325274,199,199,-100
01/29/2017 23:20,SCH - HQ_IMPORT_EXPORT,325376,1196,1310,-9999
01/29/2017 23:20,SCH - NE - NY,23318,-1044.87,1400,-1600
01/29/2017 23:20,SCH - NPX_1385,325277,0,200,-200
01/29/2017 23:20,SCH - NPX_CSC,325154,0,330,-330
01/29/2017 23:20,SCH - OH - NY,23317,937.93,1500,-1900
01/29/2017 23:20,SCH - PJ - NY,23316,897.78,2200,-1450
01/29/2017 23:20,SCH - PJM_HTP,325905,0,0,0
01/29/2017 23:20,SCH - PJM_NEPTUNE,325305,660,660,-660
01/29/2017 23:20,SCH - PJM_VFT,325658,315,315,-315
01/29/2017 23:20,SPR/DUN-SOUTH,23320,1580.21,4600,-9999
01/29/2017 23:20,TOTAL EAST,23314,3893.73,6500,-9999
01/29/2017 23:20,UPNY CONED,23315,998.01,5100,-9999
01/29/2017 23:20,WEST CENTRAL,23312,1103.62,9999,-9999
01/29/2017 23:25,CENTRAL EAST - VC,23330,1939.99,2165,-9999
01/29/2017 23:25,DYSINGER EAST,23326,1485.55,3150,-9999
01/29/2017 23:25,MOSES SOUTH,23319,1788.65,3150,-1600
01/29/2017 23:25,SCH - HQ - NY,23324,1500,1500,-1000
01/29/2017 23:25,SCH - HQ_CEDARS,325274,199,199,-100
01/29/2017 23:25,SCH - HQ_IMPORT_EXPORT,325376,1196,1310,-9999
01/29/2017 23:25,SCH - NE - NY,23318,-1044.61,1400,-1600
01/29/2017 23:25,SCH - NPX_1385,325277,0,200,-200
01/29/2017 23:25,SCH - NPX_CSC,325154,0,330,-330
01/29/2017 23:25,SCH - OH - NY,23317,937.23,1500,-1900
01/29/2017 23:25,SCH - PJ - NY,23316,898.8,2200,-1450
01/29/2017 23:25,SCH - PJM_HTP,325905,0,0,0
01/29/2017 23:25,SCH - PJM_NEPTUNE,325305,660,660,-660
01/29/2017 23:25,SCH - PJM_VFT,325658,315,315,-315
01/29/2017 23:25,SPR/DUN-SOUTH,23320,1611.75,4600,-9999
01/29/2017 23:25,TOTAL EAST,23314,3900.38,6500,-9999
01/29/2017 23:25,UPNY CONED,23315,1023.5,5100,-9999
01/29/2017 23:25,WEST CENTRAL,23312,1119.03,9999,-9999
01/29/2017 23:30,CENTRAL EAST - VC,23330,1929.41,2105,-9999
01/29/2017 23:30,DYSINGER EAST,23326,1494.08,3150,-9999
01/29/2017 23:30,MOSES SOUTH,23319,1797.01,3150,-1600
01/29/2017 23:30,SCH - HQ - NY,23324,1500,1500,-1000
01/29/2017 23:30,SCH - HQ_CEDARS,325274,199,199,-100
01/29/2017 23:30,SCH - HQ_IMPORT_EXPORT,325376,1196,1310,-9999
01/29/2017 23:30,SCH - NE - NY,23318,-1030.89,1400,-1600
01/29/2017 23:30,SCH - NPX_1385,325277,0,200,-200
01/29/2017 23:30,SCH - NPX_CSC,325154,0,330,-330
01/29/2017 23:30,SCH - OH - NY,23317,937.84,1500,-1900
01/29/2017 23:30,SCH - PJ - NY,23316,855.06,2200,-1450
01/29/2017 23:30,SCH - PJM_HTP,325905,0,0,0
01/29/2017 23:30,SCH - PJM_NEPTUNE,325305,660,660,-660
01/29/2017 23:30,SCH - PJM_VFT,325658,315,315,-315
01/29/2017 23:30,SPR/DUN-SOUTH,23320,1593.07,4600,-9999
01/29/2017 23:30,TOTAL EAST,23314,3832.92,6500,-9999
01/29/2017 23:30,UPNY CONED,23315,993.36,5100,-9999
01/29/2017 23:30,WEST CENTRAL,23312,1122.49,9999,-9999
01/29/2017 23:35,CENTRAL EAST - VC,23330,1900.6,2105,-9999
01/29/2017 23:35,DYSINGER EAST,23326,1481.02,3150,-9999
01/29/2017 23:35,MOSES SOUTH,23319,1791.73,3150,-1600
01/29/2017 23:35,SCH - HQ - NY,23324,1500,1500,-1000
01/29/2017 23:35,SCH - HQ_CEDARS,325274,199,199,-100
01/29/2017 23:35,SCH - HQ_IMPORT_EXPORT,325376,1196,1310,-9999
01/29/2017 23:35,SCH - NE - NY,23318,-1016.89,1400,-1600
01/29/2017 23:35,SCH - NPX_1385,325277,0,200,-200
01/29/2017 23:35,SCH - NPX_CSC,325154,0,330,-330
01/29/2017 23:35,SCH - OH - NY,23317,937.74,1500,-1900
01/29/2017 23:35,SCH - PJ - NY,23316,816.45,2200,-1450
01/29/2017 23:35,SCH - PJM_HTP,325905,0,0,0
01/29/2017 23:35,SCH - PJM_NEPTUNE,325305,660,660,-660
01/29/2017 23:35,SCH - PJM_VFT,325658,315,315,-315
01/29/2017 23:35,SPR/DUN-SOUTH,23320,1559.5,4600,-9999
01/29/2017 23:35,TOTAL EAST,23314,3788.71,6500,-9999
01/29/2017 23:35,UPNY CONED,23315,929.8,5100,-9999
01/29/2017 23:35,WEST CENTRAL,23312,1112.18,9999,-9999
01/29/2017 23:40,CENTRAL EAST - VC,23330,1914.79,2105,-9999
01/29/2017 23:40,DYSINGER EAST,23326,1494.13,3150,-9999
01/29/2017 23:40,MOSES SOUTH,23319,1793.4,3150,-1600
01/29/2017 23:40,SCH - HQ - NY,23324,1500,1500,-1000
01/29/2017 23:40,SCH - HQ_CEDARS,325274,199,199,-100
01/29/2017 23:40,SCH - HQ_IMPORT_EXPORT,325376,1196,1310,-9999
01/29/2017 23:40,SCH - NE - NY,23318,-1016.89,1400,-1600
01/29/2017 23:40,SCH - NPX_1385,325277,0,200,-200
01/29/2017 23:40,SCH - NPX_CSC,325154,0,330,-330
01/29/2017 23:40,SCH - OH - NY,23317,937.65,1500,-1900
01/29/2017 23:40,SCH - PJ - NY,23316,816.62,2200,-1450
01/29/2017 23:40,SCH - PJM_HTP,325905,0,0,0
01/29/2017 23:40,SCH - PJM_NEPTUNE,325305,660,660,-660
01/29/2017 23:40,SCH - PJM_VFT,325658,315,315,-315
01/29/2017 23:40,SPR/DUN-SOUTH,23320,1593.75,4600,-9999
01/29/2017 23:40,TOTAL EAST,23314,3762.36,6500,-9999
01/29/2017 23:40,UPNY CONED,23315,948.82,5100,-9999
01/29/2017 23:40,WEST CENTRAL,23312,1125.83,9999,-9999
01/29/2017 23:45,CENTRAL EAST - VC,23330,1887.88,2105,-9999
01/29/2017 23:45,DYSINGER EAST,23326,1396.54,3150,-9999
01/29/2017 23:45,MOSES SOUTH,23319,1766.14,3150,-1600
01/29/2017 23:45,SCH - HQ - NY,23324,1500,1500,-1000
01/29/2017 23:45,SCH - HQ_CEDARS,325274,199,199,-100
01/29/2017 23:45,SCH - HQ_IMPORT_EXPORT,325376,1196,1310,-9999
01/29/2017 23:45,SCH - NE - NY,23318,-964.91,1400,-1600
01/29/2017 23:45,SCH - NPX_1385,325277,0,200,-200
01/29/2017 23:45,SCH - NPX_CSC,325154,0,330,-330
01/29/2017 23:45,SCH - OH - NY,23317,937.85,1500,-1900
01/29/2017 23:45,SCH - PJ - NY,23316,726.11,2200,-1450
01/29/2017 23:45,SCH - PJM_HTP,325905,0,0,0
01/29/2017 23:45,SCH - PJM_NEPTUNE,325305,660,660,-660
01/29/2017 23:45,SCH - PJM_VFT,325658,315,315,-315
01/29/2017 23:45,SPR/DUN-SOUTH,23320,1561.23,4600,-9999
01/29/2017 23:45,TOTAL EAST,23314,3594.19,6500,-9999
01/29/2017 23:45,UPNY CONED,23315,894.5,5100,-9999
01/29/2017 23:45,WEST CENTRAL,23312,1038.42,9999,-9999
01/29/2017 23:50,CENTRAL EAST - VC,23330,1808.85,2105,-9999
01/29/2017 23:50,DYSINGER EAST,23326,1308.52,3150,-9999
01/29/2017 23:50,MOSES SOUTH,23319,1782.73,3150,-1600
01/29/2017 23:50,SCH - HQ - NY,23324,1500,1500,-1000
01/29/2017 23:50,SCH - HQ_CEDARS,325274,199,199,-100
01/29/2017 23:50,SCH - HQ_IMPORT_EXPORT,325376,1196,1310,-9999
01/29/2017 23:50,SCH - NE - NY,23318,-913.94,1400,-1600
01/29/2017 23:50,SCH - NPX_1385,325277,0,200,-200
01/29/2017 23:50,SCH - NPX_CSC,325154,0,330,-330
01/29/2017 23:50,SCH - OH - NY,23317,937.89,1500,-1900
01/29/2017 23:50,SCH - PJ - NY,23316,639.63,2200,-1450
01/29/2017 23:50,SCH - PJM_HTP,325905,0,0,0
01/29/2017 23:50,SCH - PJM_NEPTUNE,325305,660,660,-660
01/29/2017 23:50,SCH - PJM_VFT,325658,315,315,-315
01/29/2017 23:50,SPR/DUN-SOUTH,23320,1490.68,4600,-9999
01/29/2017 23:50,TOTAL EAST,23314,3482.6,6500,-9999
01/29/2017 23:50,UPNY CONED,23315,812.08,5100,-9999
01/29/2017 23:50,WEST CENTRAL,23312,956.37,9999,-9999
01/29/2017 23:55,CENTRAL EAST - VC,23330,1792.68,2105,-9999
01/29/2017 23:55,DYSINGER EAST,23326,1297.91,3150,-9999
01/29/2017 23:55,MOSES SOUTH,23319,1786.27,3150,-1600
01/29/2017 23:55,SCH - HQ - NY,23324,1500,1500,-1000
01/29/2017 23:55,SCH - HQ_CEDARS,325274,199,199,-100
01/29/2017 23:55,SCH - HQ_IMPORT_EXPORT,325376,1196,1310,-9999
01/29/2017 23:55,SCH - NE - NY,23318,-913.95,1400,-1600
01/29/2017 23:55,SCH - NPX_1385,325277,0,200,-200
01/29/2017 23:55,SCH - NPX_CSC,325154,0,330,-330
01/29/2017 23:55,SCH - OH - NY,23317,937.74,1500,-1900
01/29/2017 23:55,SCH - PJ - NY,23316,637.28,2200,-1450
01/29/2017 23:55,SCH - PJM_HTP,325905,0,0,0
01/29/2017 23:55,SCH - PJM_NEPTUNE,325305,660,660,-660
01/29/2017 23:55,SCH - PJM_VFT,325658,315,315,-315
01/29/2017 23:55,SPR/DUN-SOUTH,23320,1454.29,4600,-9999
01/29/2017 23:55,TOTAL EAST,23314,3421.41,6500,-9999
01/29/2017 23:55,UPNY CONED,23315,774.06,5100,-9999
01/29/2017 23:55,WEST CENTRAL,23312,943.27,9999,-9999
